antecedents,consequents,antecedent support,consequent support,support,confidence,lift,representativity,leverage,conviction,zhangs_metric,jaccard,certainty,kulczynski,Clean antecedents,Clean consequents,Clean Rule
frozenset({'baby food formula'}),frozenset({'fresh fruits'}),0.01924,0.57912,0.01473,0.7655925155925156,1.3219928781470431,1.0,0.0035877312,1.795505809312639,0.2483444195444591,0.0252385929441598,0.4430538766216395,0.3955138292840324,baby food formula,fresh fruits,baby food formula → fresh fruits
frozenset({'baby food formula'}),frozenset({'fresh vegetables'}),0.01924,0.44933,0.01073,0.5576923076923077,1.2411641948953056,1.0,0.0020848907999999,1.244993043478261,0.1981165907930654,0.0234361348942862,0.1967826605631461,0.2907861534010467,baby food formula,fresh vegetables,baby food formula → fresh vegetables
frozenset({'baking ingredients'}),frozenset({'fresh fruits'}),0.03265,0.57912,0.02074,0.6352220520673814,1.096874658218299,1.0,0.001831732,1.1537978169605376,0.0912997407794581,0.0350912813224371,0.1332970254404613,0.3355175048291044,baking ingredients,fresh fruits,baking ingredients → fresh fruits
frozenset({'baking ingredients'}),frozenset({'fresh vegetables'}),0.03265,0.44933,0.01923,0.5889739663093415,1.3107826459602998,1.0,0.0045593755,1.339744821162444,0.2450995088441569,0.0415559157212317,0.2535892028062932,0.3158855098499726,baking ingredients,fresh vegetables,baking ingredients → fresh vegetables
frozenset({'baking ingredients'}),frozenset({'packaged vegetables fruits'}),0.03265,0.3423,0.01314,0.4024502297090352,1.1757237210313622,1.0,0.001963905,1.1006614556637622,0.1545046215559007,0.0363174041624056,0.0914554199620423,0.2204188046003546,baking ingredients,packaged vegetables fruits,baking ingredients → packaged vegetables fruits
frozenset({'bread'}),frozenset({'fresh fruits'}),0.10305,0.57912,0.07288,0.7072295002426007,1.2212140838558514,1.0,0.013201684,1.4375765329797814,0.2019541281164508,0.1196146334257906,0.3043848608691329,0.4165378057919731,bread,fresh fruits,bread → fresh fruits
frozenset({'bread'}),frozenset({'fresh vegetables'}),0.10305,0.44933,0.05699,0.5530325084910237,1.2307936449625525,1.0,0.0106865435,1.232013536691272,0.2090597211244857,0.1150406750237186,0.188320606699155,0.3399328968022074,bread,fresh vegetables,bread → fresh vegetables
frozenset({'bread'}),frozenset({'milk'}),0.10305,0.23003,0.03579,0.3473071324599709,1.509834075816071,1.0,0.0120854085,1.179681958073149,0.3764708911316159,0.1203875004204648,0.1523138985414638,0.2514477669864085,bread,milk,bread → milk
frozenset({'bread'}),frozenset({'packaged vegetables fruits'}),0.10305,0.3423,0.04521,0.4387190684133915,1.2816800128933437,1.0,0.009935985,1.1717839730290454,0.2450237520628135,0.1129854550907182,0.1466003777001544,0.2853980968710253,bread,packaged vegetables fruits,bread → packaged vegetables fruits
frozenset({'breakfast bakery'}),frozenset({'fresh fruits'}),0.03911,0.57912,0.02573,0.6578880081820506,1.1360132756286274,1.0,0.0030806168,1.2302404185351272,0.1246017722824873,0.0434261603375527,0.1871507512403788,0.3511587436959431,breakfast bakery,fresh fruits,breakfast bakery → fresh fruits
frozenset({'breakfast bakery'}),frozenset({'fresh vegetables'}),0.03911,0.44933,0.01846,0.4720020455126566,1.0504574488964828,1.0,0.0008867037,1.042939646489104,0.0499888505089523,0.0392782671603046,0.0411717462593869,0.256542718169499,breakfast bakery,fresh vegetables,breakfast bakery → fresh vegetables
frozenset({'breakfast bakery'}),frozenset({'milk'}),0.03911,0.23003,0.01314,0.3359754538481207,1.460572333383127,1.0,0.0041435267,1.1595505082787834,0.3281716818437271,0.051328125,0.1375968594206536,0.1965492189033674,breakfast bakery,milk,breakfast bakery → milk
frozenset({'breakfast bakery'}),frozenset({'packaged vegetables fruits'}),0.03911,0.3423,0.01525,0.3899258501661979,1.139134823739988,1.0,0.001862647,1.0780656747694888,0.1271121427897531,0.0416484596897531,0.072412726419641,0.2172387065613344,breakfast bakery,packaged vegetables fruits,breakfast bakery → packaged vegetables fruits
frozenset({'butter'}),frozenset({'fresh fruits'}),0.05954,0.57912,0.04033,0.6773597581457843,1.1696362725269105,1.0,0.0058491951999999,1.3044869963560646,0.1542153359236039,0.0674042752327311,0.2334151257978149,0.3734999509060183,butter,fresh fruits,butter → fresh fruits
frozenset({'butter'}),frozenset({'fresh vegetables'}),0.05954,0.44933,0.03632,0.6100100772589855,1.3575992639240324,1.0,0.0095668917999999,1.4120108440999135,0.2800816741099888,0.0768595915776108,0.2917901415711506,0.3454207687165112,butter,fresh vegetables,butter → fresh vegetables
frozenset({'butter'}),frozenset({'milk'}),0.05954,0.23003,0.02079,0.3491770238495129,1.5179629780876969,1.0,0.0070940137999999,1.1830713238709678,0.3628250058507591,0.0773495051715157,0.1547424235353493,0.2197782697824272,butter,milk,butter → milk
frozenset({'butter'}),frozenset({'packaged vegetables fruits'}),0.05954,0.3423,0.02555,0.4291232784682566,1.2536467381485732,1.0,0.0051694579999999,1.1520876140041187,0.2151363410327618,0.0678997581652448,0.1320104583674268,0.2518827026288113,butter,packaged vegetables fruits,butter → packaged vegetables fruits
frozenset({'candy chocolate'}),frozenset({'fresh fruits'}),0.01807,0.57912,0.01175,0.6502490315439956,1.1228226128332568,1.0,0.0012853016,1.203370506329114,0.1114003749888138,0.0200703744192402,0.16900074022048,0.3352692180789463,candy chocolate,fresh fruits,candy chocolate → fresh fruits
frozenset({'canned jarred vegetables'}),frozenset({'fresh fruits'}),0.04878,0.57912,0.0345,0.7072570725707258,1.2212616945895942,1.0,0.0062505264,1.4377119327731098,0.1904655897277913,0.0581395348837209,0.304450372007997,0.3834151090164031,canned jarred vegetables,fresh fruits,canned jarred vegetables → fresh fruits
frozenset({'canned jarred vegetables'}),frozenset({'fresh vegetables'}),0.04878,0.44933,0.03803,0.7796227962279624,1.7350784417420655,1.0,0.0161116826,2.4987611720930243,0.4453829620621501,0.082659537471744,0.5998016892657352,0.4321299613080702,canned jarred vegetables,fresh vegetables,canned jarred vegetables → fresh vegetables
frozenset({'canned jarred vegetables'}),frozenset({'packaged vegetables fruits'}),0.04878,0.3423,0.02391,0.490159901599016,1.431959981300076,1.0,0.007212606,1.2900123039806997,0.317125861242923,0.06511969932184,0.2248135952546997,0.2800054547434168,canned jarred vegetables,packaged vegetables fruits,canned jarred vegetables → packaged vegetables fruits
frozenset({'canned meals beans'}),frozenset({'fresh fruits'}),0.04729,0.57912,0.0357,0.7549164728272363,1.303557937607467,1.0,0.0083134152,1.7172920793787756,0.2444277619729443,0.060435746813157,0.4176878749934335,0.4082808638483467,canned meals beans,fresh fruits,canned meals beans → fresh fruits
frozenset({'canned meals beans'}),frozenset({'fresh vegetables'}),0.04729,0.44933,0.03524,0.745189257771199,1.658445369263568,1.0,0.0139911843,2.161094132780084,0.4167329630007838,0.0763795569812302,0.5372714289342057,0.4118085696418366,canned meals beans,fresh vegetables,canned meals beans → fresh vegetables
frozenset({'canned meals beans'}),frozenset({'packaged vegetables fruits'}),0.04729,0.3423,0.02454,0.5189257771198985,1.5159970117437878,1.0,0.008352633,1.3671487032967031,0.3572630631666882,0.0672236679906862,0.2685506722212232,0.2953086379026311,canned meals beans,packaged vegetables fruits,canned meals beans → packaged vegetables fruits
frozenset({'cereal'}),frozenset({'fresh fruits'}),0.04812,0.57912,0.03208,0.6666666666666665,1.151171892987061,1.0,0.0042127455999999,1.2626399999999995,0.1379585662058242,0.0539014718731097,0.2080086168662482,0.3610305290786019,cereal,fresh fruits,cereal → fresh fruits
frozenset({'cereal'}),frozenset({'fresh vegetables'}),0.04812,0.44933,0.02124,0.4413965087281795,0.9823437311734794,1.0,-0.0003817596,0.9857976339285712,-0.0185322975818648,0.0446021713109762,-0.0144069792649327,0.2443334445361236,cereal,fresh vegetables,cereal → fresh vegetables
frozenset({'cereal'}),frozenset({'milk'}),0.04812,0.23003,0.01837,0.3817539484621778,1.6595833085344427,1.0,0.0073009563999999,1.245410299159664,0.4175306837417166,0.0707136808068365,0.1970517662534616,0.2308065486344276,cereal,milk,cereal → milk
frozenset({'cereal'}),frozenset({'packaged vegetables fruits'}),0.04812,0.3423,0.01888,0.3923524522028263,1.1462239328157355,1.0,0.0024085239999999,1.0823708618331054,0.1340191275356599,0.0508155245733972,0.0761022536153661,0.2237543739249597,cereal,packaged vegetables fruits,cereal → packaged vegetables fruits
frozenset({'cereal'}),frozenset({'yogurt'}),0.04812,0.20368,0.01479,0.307356608478803,1.5090171272525676,1.0,0.0049889183999999,1.149682520252025,0.3543692460936277,0.0624024302772034,0.1301946560161781,0.1899852563210982,cereal,yogurt,cereal → yogurt
frozenset({'chips pretzels'}),frozenset({'fresh fruits'}),0.09754,0.57912,0.064,0.6561410703301209,1.1329967369977223,1.0,0.0075126352,1.2239903160405483,0.1300721638632184,0.1044625077530767,0.1830000720635833,0.3833267860284394,chips pretzels,fresh fruits,chips pretzels → fresh fruits
frozenset({'chips pretzels'}),frozenset({'fresh vegetables'}),0.09754,0.44933,0.04791,0.491183104367439,1.0931455820164222,1.0,0.0040823518,1.0822557283900869,0.0944183257569041,0.096019721019721,0.0760039667449452,0.2989042622186604,chips pretzels,fresh vegetables,chips pretzels → fresh vegetables
frozenset({'chips pretzels'}),frozenset({'packaged vegetables fruits'}),0.09754,0.3423,0.0393,0.4029116259995899,1.177071650597692,1.0,0.005912058,1.1015119848901098,0.1666933113949946,0.098117541319219,0.0921569499765697,0.2588615973994443,chips pretzels,packaged vegetables fruits,chips pretzels → packaged vegetables fruits
frozenset({'condiments'}),frozenset({'fresh fruits'}),0.03575,0.57912,0.0222,0.620979020979021,1.0722803926285072,1.0,0.00149646,1.1104398523985242,0.0699072938637369,0.0374576071000725,0.0994559517653988,0.3296565225077451,condiments,fresh fruits,condiments → fresh fruits
frozenset({'condiments'}),frozenset({'fresh vegetables'}),0.03575,0.44933,0.02119,0.5927272727272728,1.3191357637533054,1.0,0.0051264525,1.3520915178571429,0.2508974997256205,0.0456789325055508,0.2604050932995673,0.3199431881407267,condiments,fresh vegetables,condiments → fresh vegetables
frozenset({'condiments'}),frozenset({'packaged vegetables fruits'}),0.03575,0.3423,0.0141,0.3944055944055944,1.1522220111177166,1.0,0.001862775,1.086040415704388,0.1370098025695199,0.0387415853826075,0.0792239537868244,0.2177987656515264,condiments,packaged vegetables fruits,condiments → packaged vegetables fruits
frozenset({'crackers'}),frozenset({'fresh fruits'}),0.06252,0.57912,0.04219,0.6748240563019833,1.1652577294895416,1.0,0.0059834175999999,1.2943146876537135,0.151278697927542,0.0703811827508549,0.2273903637663545,0.3738379847748347,crackers,fresh fruits,crackers → fresh fruits
frozenset({'crackers'}),frozenset({'fresh vegetables'}),0.06252,0.44933,0.03077,0.4921625079974407,1.095325279855431,1.0,0.0026778883999999,1.0843429417322834,0.0928331241947221,0.0639602560904631,0.0777825339993839,0.2803211222470012,crackers,fresh vegetables,crackers → fresh vegetables
frozenset({'crackers'}),frozenset({'milk'}),0.06252,0.23003,0.01946,0.3112603966730646,1.3531295773293248,1.0,0.0050785243999999,1.1179406502554576,0.2783765807010734,0.0712585594492658,0.1054981319701606,0.197929028923847,crackers,milk,crackers → milk
frozenset({'crackers'}),frozenset({'packaged vegetables fruits'}),0.06252,0.3423,0.02615,0.4182661548304542,1.221928585540328,1.0,0.0047494039999999,1.1305857574924387,0.1937338053906526,0.069057490691103,0.1155027441545601,0.2473305649992177,crackers,packaged vegetables fruits,crackers → packaged vegetables fruits
frozenset({'cream'}),frozenset({'fresh fruits'}),0.0732,0.57912,0.04687,0.6403005464480874,1.1056439882029414,1.0,0.004478416,1.1700879605013297,0.1030963889780815,0.077413494095301,0.1453633968068985,0.3606168431922714,cream,fresh fruits,cream → fresh fruits
frozenset({'cream'}),frozenset({'fresh vegetables'}),0.0732,0.44933,0.03614,0.4937158469945354,1.0987822913994958,1.0,0.0032490439999999,1.0876698327037235,0.0970021632174689,0.0743025144431423,0.0806033504540568,0.2870733553624893,cream,fresh vegetables,cream → fresh vegetables
frozenset({'cream'}),frozenset({'milk'}),0.0732,0.23003,0.02627,0.358879781420765,1.560143378780007,1.0,0.009431804,1.200976006818666,0.3873902350988433,0.0948512420566146,0.1673438983606699,0.2365411383737307,cream,milk,cream → milk
frozenset({'cream'}),frozenset({'packaged vegetables fruits'}),0.0732,0.3423,0.0282,0.3852459016393442,1.1254627567611577,1.0,0.0031436399999999,1.0698586666666663,0.1202811779722495,0.0728117738187451,0.0652970984329394,0.2338148877171305,cream,packaged vegetables fruits,cream → packaged vegetables fruits
frozenset({'dry pasta'}),frozenset({'fresh fruits'}),0.03591,0.57912,0.02465,0.6864383180172654,1.1853127469561844,1.0,0.0038538008,1.342255843694494,0.1621641166752441,0.0417527694027575,0.2549855493662455,0.364501449380231,dry pasta,fresh fruits,dry pasta → fresh fruits
frozenset({'dry pasta'}),frozenset({'fresh vegetables'}),0.03591,0.44933,0.02363,0.6580339738234476,1.4644781648753646,1.0,0.0074945597,1.6103061644951149,0.3289764604808878,0.051190398821516,0.3790000795820503,0.355311692362061,dry pasta,fresh vegetables,dry pasta → fresh vegetables
frozenset({'dry pasta'}),frozenset({'milk'}),0.03591,0.23003,0.01216,0.3386243386243386,1.4720877217073367,1.0,0.0038996227,1.16419464,0.3326376751651817,0.0479155173772558,0.1410371035551237,0.1957435043554245,dry pasta,milk,dry pasta → milk
frozenset({'dry pasta'}),frozenset({'packaged cheese'}),0.03591,0.16892,0.0118,0.328599275967697,1.945295263839078,1.0,0.0057340828,1.2378300622148486,0.5040392705442263,0.0611303942392374,0.1921346632907747,0.1992274144460791,dry pasta,packaged cheese,dry pasta → packaged cheese
frozenset({'dry pasta'}),frozenset({'packaged vegetables fruits'}),0.03591,0.3423,0.0168,0.4678362573099415,1.3667433751385965,1.0,0.004508007,1.235897802197802,0.2783285274196392,0.0464846019755955,0.1908716091074069,0.2584580059555842,dry pasta,packaged vegetables fruits,dry pasta → packaged vegetables fruits
frozenset({'eggs'}),frozenset({'fresh fruits'}),0.11819,0.57912,0.08363,0.7075894745748371,1.2218356723560526,1.0,0.0151838071999999,1.439346273148148,0.2058939399267485,0.1362762351714248,0.3052401505769748,0.4259991163452994,eggs,fresh fruits,eggs → fresh fruits
frozenset({'eggs'}),frozenset({'fresh vegetables'}),0.11819,0.44933,0.07143,0.6043658515948895,1.3450378376580454,1.0,0.0183236872999999,1.3918667087254062,0.2909090299159302,0.1439859702876494,0.2815403991408458,0.381667936813847,eggs,fresh vegetables,eggs → fresh vegetables
frozenset({'eggs'}),frozenset({'milk'}),0.11819,0.23003,0.03868,0.3272696505626533,1.422725951235288,1.0,0.0114927542999999,1.1445447654383096,0.3369478093655421,0.1249596174969309,0.1262901808676355,0.247710815369576,eggs,milk,eggs → milk
frozenset({'eggs'}),frozenset({'packaged vegetables fruits'}),0.11819,0.3423,0.05482,0.4638294271935019,1.3550377656836166,1.0,0.014363563,1.2266618747041185,0.2971311151124312,0.1351344689032957,0.1847794240436399,0.3119906703598243,eggs,packaged vegetables fruits,eggs → packaged vegetables fruits
frozenset({'energy granola bars'}),frozenset({'fresh fruits'}),0.03878,0.57912,0.0268,0.6910778751933987,1.1933241386817908,1.0,0.0043417264,1.3624145575959936,0.1685407257629996,0.0453391981052275,0.2660090172814073,0.3686774926457393,energy granola bars,fresh fruits,energy granola bars → fresh fruits
frozenset({'energy granola bars'}),frozenset({'fresh vegetables'}),0.03878,0.44933,0.01697,0.4375966993295512,0.9738871193322308,1.0,-0.0004550174,0.9791372122879411,-0.0271378033824793,0.0360190177017447,-0.021307317759182,0.2376820209086275,energy granola bars,fresh vegetables,energy granola bars → fresh vegetables
frozenset({'energy granola bars'}),frozenset({'packaged vegetables fruits'}),0.03878,0.3423,0.01579,0.4071686436307374,1.1895081613518477,1.0,0.0025156059999999,1.1094217485863418,0.165743953295368,0.0432259300829477,0.0986295326603884,0.226648885063981,energy granola bars,packaged vegetables fruits,energy granola bars → packaged vegetables fruits
frozenset({'energy granola bars'}),frozenset({'yogurt'}),0.03878,0.20368,0.01257,0.3241361526560082,1.5913990212883355,1.0,0.0046712896,1.1782254711942008,0.3866150145937085,0.054678324416025,0.1512660144866488,0.1929253033507849,energy granola bars,yogurt,energy granola bars → yogurt
frozenset({'fresh dips tapenades'}),frozenset({'fresh fruits'}),0.07143,0.57912,0.05223,0.7312053758924822,1.2626146150926962,1.0,0.0108634584,1.565805125000001,0.2239924764466943,0.0872944243882872,0.3613509216225106,0.4106969689242767,fresh dips tapenades,fresh fruits,fresh dips tapenades → fresh fruits
frozenset({'fresh dips tapenades'}),frozenset({'fresh vegetables'}),0.07143,0.44933,0.04237,0.5931681366372673,1.320116922166931,1.0,0.0102743580999999,1.353556713695802,0.2611449223765131,0.0885679048475093,0.2612056887741611,0.3437320441938256,fresh dips tapenades,fresh vegetables,fresh dips tapenades → fresh vegetables
frozenset({'fresh dips tapenades'}),frozenset({'packaged vegetables fruits'}),0.07143,0.3423,0.03744,0.5241495170096598,1.5312577184039142,1.0,0.012989511,1.3821568402471316,0.3736304934551971,0.0994977278163118,0.2764931078145961,0.3167636279176257,fresh dips tapenades,packaged vegetables fruits,fresh dips tapenades → packaged vegetables fruits
frozenset({'fresh dips tapenades'}),frozenset({'yogurt'}),0.07143,0.20368,0.02248,0.3147137057258855,1.545137989620412,1.0,0.0079311376,1.1620252829417774,0.379948320643187,0.0889838894826426,0.1394335263786989,0.2125414561622357,fresh dips tapenades,yogurt,fresh dips tapenades → yogurt
frozenset({'fresh herbs'}),frozenset({'fresh fruits'}),0.09123,0.57912,0.06851,0.7509591143264277,1.2967245377925607,1.0,0.0156768824,1.6900036267605634,0.2517976955630335,0.1138342416589126,0.408285293495599,0.4346296469546215,fresh herbs,fresh fruits,fresh herbs → fresh fruits
frozenset({'fresh fruits'}),frozenset({'fresh vegetables'}),0.57912,0.44933,0.32152,0.5551871805497997,1.2355889447617556,1.0,0.0613040104,1.237981406832298,0.4530254539842798,0.4548116503755676,0.1922334257355578,0.6353707251201137,fresh fruits,fresh vegetables,fresh fruits → fresh vegetables
frozenset({'fresh vegetables'}),frozenset({'fresh fruits'}),0.44933,0.57912,0.32152,0.7155542696904279,1.2355889447617556,1.0,0.0613040104,1.479649561067209,0.3462497558844747,0.4548116503755676,0.3241642978768958,0.6353707251201137,fresh vegetables,fresh fruits,fresh vegetables → fresh fruits
frozenset({'frozen appetizers sides'}),frozenset({'fresh fruits'}),0.02374,0.57912,0.01776,0.7481044650379107,1.2917952497546463,1.0,0.0040116912,1.6708513712374584,0.2313763889880908,0.0303537856776619,0.401502720580476,0.389385842133543,frozen appetizers sides,fresh fruits,frozen appetizers sides → fresh fruits
frozenset({'frozen breakfast'}),frozenset({'fresh fruits'}),0.03393,0.57912,0.02504,0.7379899793692897,1.2743299823340408,1.0,0.0053904583999999,1.6063507761529807,0.2228346784017496,0.0425843097906498,0.3774709640973429,0.3906139978349418,frozen breakfast,fresh fruits,frozen breakfast → fresh fruits
frozenset({'frozen meals'}),frozenset({'fresh fruits'}),0.02846,0.57912,0.01863,0.6546029515108925,1.130340778268567,1.0,0.0021482448,1.218539654120041,0.1186889337534973,0.0316325664317853,0.1793455415103891,0.343386225030208,frozen meals,fresh fruits,frozen meals → fresh fruits
frozenset({'frozen pizza'}),frozenset({'fresh fruits'}),0.01764,0.57912,0.01286,0.7290249433106576,1.2588495360385716,1.0,0.0026443232,1.5532056903765692,0.20931622625604,0.0220243192327453,0.356170270173583,0.375615524563189,frozen pizza,fresh fruits,frozen pizza → fresh fruits
frozenset({'frozen produce'}),frozenset({'fresh fruits'}),0.09652,0.57912,0.07335,0.7599461251554083,1.3122429291949995,1.0,0.0174533376,1.7532730945187749,0.2633660729070952,0.1217851865380464,0.429638198905646,0.4433019063406548,frozen produce,fresh fruits,frozen produce → fresh fruits
frozenset({'fruit vegetable snacks'}),frozenset({'fresh fruits'}),0.02592,0.57912,0.01842,0.7106481481481481,1.2271172609271794,1.0,0.0034092096,1.45456128,0.1900069341300449,0.0314002250178991,0.3125074799186185,0.3712275137756903,fruit vegetable snacks,fresh fruits,fruit vegetable snacks → fresh fruits
frozenset({'grains rice dried goods'}),frozenset({'fresh fruits'}),0.01713,0.57912,0.01313,0.7664915353181553,1.3235452675061392,1.0,0.0032096744,1.8024186,0.2487139660495484,0.0225168061462477,0.4451899242495611,0.3945819328752677,grains rice dried goods,fresh fruits,grains rice dried goods → fresh fruits
frozenset({'hot cereal pancake mixes'}),frozenset({'fresh fruits'}),0.01952,0.57912,0.01467,0.7515368852459017,1.2977222082571862,1.0,0.0033655776,1.6939335257731962,0.2339864753026106,0.0251211534839118,0.409658062264545,0.3884342113755409,hot cereal pancake mixes,fresh fruits,hot cereal pancake mixes → fresh fruits
frozenset({'hot dogs bacon sausage'}),frozenset({'fresh fruits'}),0.05453,0.57912,0.03834,0.7030992114432422,1.2140820752922403,1.0,0.0067605863999999,1.4175779122915375,0.1865024347298234,0.0644034200668559,0.2945714014522956,0.384651553504464,hot dogs bacon sausage,fresh fruits,hot dogs bacon sausage → fresh fruits
frozenset({'ice cream ice'}),frozenset({'fresh fruits'}),0.04113,0.57912,0.02408,0.5854607342572332,1.0109489125867406,1.0,0.0002607944,1.015295859237537,0.0112948910967219,0.0403911635942768,0.0150654206834091,0.3135205315159629,ice cream ice,fresh fruits,ice cream ice → fresh fruits
frozenset({'instant foods'}),frozenset({'fresh fruits'}),0.01921,0.57912,0.01394,0.7256637168141592,1.2530455118354733,1.0,0.0028151047999999,1.5341754838709674,0.2058997239408052,0.0238539331610739,0.3481840829076202,0.3748673605482593,instant foods,fresh fruits,instant foods → fresh fruits
frozenset({'juice nectars'}),frozenset({'fresh fruits'}),0.04729,0.57912,0.03115,0.6587016282512159,1.1374182004614173,1.0,0.0037634152,1.2331731846344487,0.1268128782853839,0.0523300742532674,0.1890838914921496,0.3562450674755181,juice nectars,fresh fruits,juice nectars → fresh fruits
frozenset({'lunch meat'}),frozenset({'fresh fruits'}),0.07633,0.57912,0.05589,0.732215380584305,1.2643586486122134,1.0,0.0116857704,1.5717108806262234,0.2263635004382651,0.0932183601307625,0.3637506666610555,0.4143619381164376,lunch meat,fresh fruits,lunch meat → fresh fruits
frozenset({'milk'}),frozenset({'fresh fruits'}),0.23003,0.57912,0.15639,0.6798678433247837,1.1739671282718327,1.0,0.0231750263999999,1.3147070396523628,0.1924586582020363,0.239582695018077,0.2393742713476138,0.4749577509205767,milk,fresh fruits,milk → fresh fruits
frozenset({'nuts seeds dried fruit'}),frozenset({'fresh fruits'}),0.03847,0.57912,0.02822,0.7335586171042371,1.2666780928032828,1.0,0.0059412536,1.5796344975609755,0.2189567015886409,0.0478816363235319,0.3669421619089458,0.3911438616671897,nuts seeds dried fruit,fresh fruits,nuts seeds dried fruit → fresh fruits
frozenset({'oils vinegars'}),frozenset({'fresh fruits'}),0.04385,0.57912,0.02925,0.6670467502850628,1.1518282053547846,1.0,0.003855588,1.264081369863014,0.1378601415666731,0.0492656471063801,0.2089116857181686,0.358777208544935,oils vinegars,fresh fruits,oils vinegars → fresh fruits
frozenset({'other creams cheeses'}),frozenset({'fresh fruits'}),0.06531,0.57912,0.04352,0.6663604348491808,1.1506431047955188,1.0,0.0056976728,1.2614810830656265,0.1400686756477298,0.0724234910385914,0.207281017984178,0.3707544680116881,other creams cheeses,fresh fruits,other creams cheeses → fresh fruits
frozenset({'packaged cheese'}),frozenset({'fresh fruits'}),0.16892,0.57912,0.1199,0.7098034572578736,1.2256586843104602,1.0,0.0220750496,1.4503274092207268,0.2215336351228502,0.1908810137867354,0.3105005161990916,0.4584208611057982,packaged cheese,fresh fruits,packaged cheese → fresh fruits
frozenset({'packaged poultry'}),frozenset({'fresh fruits'}),0.02255,0.57912,0.01597,0.7082039911308204,1.222896793636587,1.0,0.002910844,1.4423775075987846,0.1864745054196939,0.0272665186955779,0.3067002260283702,0.3678901569136627,packaged poultry,fresh fruits,packaged poultry → fresh fruits
frozenset({'packaged produce'}),frozenset({'fresh fruits'}),0.0631,0.57912,0.04,0.6339144215530903,1.094616696976603,1.0,0.003457528,1.1496765367965367,0.0922597929341445,0.0664209093022483,0.1301901291415375,0.351492367566157,packaged produce,fresh fruits,packaged produce → fresh fruits
frozenset({'fresh fruits'}),frozenset({'packaged vegetables fruits'}),0.57912,0.3423,0.2571,0.44394944053046,1.2969600950349405,1.0,0.058867224,1.1828061114216508,0.5440179014819648,0.3870122832369942,0.1545528972638893,0.5975224853835472,fresh fruits,packaged vegetables fruits,fresh fruits → packaged vegetables fruits
frozenset({'packaged vegetables fruits'}),frozenset({'fresh fruits'}),0.3423,0.57912,0.2571,0.7510955302366346,1.2969600950349405,1.0,0.058867224,1.6909298591549298,0.3481317536501891,0.3870122832369942,0.4086094141718175,0.5975224853835472,packaged vegetables fruits,fresh fruits,packaged vegetables fruits → fresh fruits
frozenset({'paper goods'}),frozenset({'fresh fruits'}),0.02778,0.57912,0.0163,0.5867530597552195,1.0131804457715492,1.0,0.0002120463999999,1.0184709407665504,0.0133806973679742,0.0275990518117168,0.0181359526592367,0.3074496062693765,paper goods,fresh fruits,paper goods → fresh fruits
frozenset({'pasta sauce'}),frozenset({'fresh fruits'}),0.03845,0.57912,0.02766,0.7193758127438232,1.2421878241881186,1.0,0.005392836,1.499799443929565,0.2027650809188121,0.0468885084165381,0.3332441853825871,0.3835689672919282,pasta sauce,fresh fruits,pasta sauce → fresh fruits
frozenset({'popcorn jerky'}),frozenset({'fresh fruits'}),0.02349,0.57912,0.01507,0.6415495955725841,1.1078007935705625,1.0,0.0014664712,1.1741652256532067,0.0996514427824665,0.025649317493277,0.1483311052380348,0.3337859181067782,popcorn jerky,fresh fruits,popcorn jerky → fresh fruits
frozenset({'poultry counter'}),frozenset({'fresh fruits'}),0.03114,0.57912,0.02324,0.7463070006422607,1.2886914640182705,1.0,0.0052062032,1.6590130632911393,0.2312192376277133,0.0395897925113284,0.3972319916419425,0.3932184264158948,poultry counter,fresh fruits,poultry counter → fresh fruits
frozenset({'refrigerated'}),frozenset({'fresh fruits'}),0.08461,0.57912,0.05524,0.6528779104124808,1.1273620500284585,1.0,0.0062406567999999,1.2124840585631598,0.1234157156489187,0.090782099952341,0.175246888453908,0.3741320067326943,refrigerated,fresh fruits,refrigerated → fresh fruits
frozenset({'soft drinks'}),frozenset({'fresh fruits'}),0.05838,0.57912,0.02532,0.4337101747173689,0.7489124442557138,1.0,-0.0084890256,0.743223666061706,-0.2625673984879579,0.0413603842007252,-0.3454899859404842,0.2387158416065087,soft drinks,fresh fruits,soft drinks → fresh fruits
frozenset({'soup broth bouillon'}),frozenset({'fresh fruits'}),0.04343,0.57912,0.03089,0.7112594980428275,1.228172914150483,1.0,0.0057388184,1.4576410207336523,0.1942172575680482,0.052209038975087,0.3139600314646159,0.3822995238521915,soup broth bouillon,fresh fruits,soup broth bouillon → fresh fruits
frozenset({'soy lactosefree'}),frozenset({'fresh fruits'}),0.14592,0.57912,0.10194,0.6986019736842106,1.2063164347358244,1.0,0.0174348096,1.3964258663028657,0.200250692945027,0.1636013480982186,0.2838860807931254,0.437313833920431,soy lactosefree,fresh fruits,soy lactosefree → fresh fruits
frozenset({'spreads'}),frozenset({'fresh fruits'}),0.04131,0.57912,0.02883,0.6978939724037764,1.2050938879744724,1.0,0.0049065528,1.3931532692307695,0.1775225947035404,0.0487322515212981,0.2822038880530707,0.3738382004580009,spreads,fresh fruits,spreads → fresh fruits
frozenset({'tofu meat alternatives'}),frozenset({'fresh fruits'}),0.01636,0.57912,0.01248,0.7628361858190709,1.3172333641025538,1.0,0.0030055968,1.7746383505154637,0.2448386370248028,0.0214065180102915,0.4365049083327098,0.3921930618278943,tofu meat alternatives,fresh fruits,tofu meat alternatives → fresh fruits
frozenset({'tortillas flat bread'}),frozenset({'fresh fruits'}),0.02543,0.57912,0.01801,0.7082186394022808,1.2229220876541664,1.0,0.0032829784,1.442449919137467,0.1870429201148221,0.0307054932314931,0.3067350299426934,0.3696587740456631,tortillas flat bread,fresh fruits,tortillas flat bread → fresh fruits
frozenset({'water seltzer sparkling water'}),frozenset({'fresh fruits'}),0.174,0.57912,0.09965,0.5727011494252874,0.9889161994496606,1.0,-0.0011168799999999,0.9849780766644252,-0.0133873872707626,0.1524936110303457,-0.0152510230343864,0.3723862840647641,water seltzer sparkling water,fresh fruits,water seltzer sparkling water → fresh fruits
frozenset({'yogurt'}),frozenset({'fresh fruits'}),0.20368,0.57912,0.14829,0.728053809897879,1.2571726238048748,1.0,0.0303348384,1.5476591153637842,0.256887041507666,0.2337079005847032,0.3538628822892014,0.4920573649572279,yogurt,fresh fruits,yogurt → fresh fruits
frozenset({'fresh herbs'}),frozenset({'fresh vegetables'}),0.09123,0.44933,0.07633,0.8366765318425955,1.862053572747414,1.0,0.0353376240999999,3.371652624161071,0.5094342061427102,0.1644228076599961,0.7034095408186309,0.503275839642171,fresh herbs,fresh vegetables,fresh herbs → fresh vegetables
frozenset({'fresh herbs'}),frozenset({'packaged vegetables fruits'}),0.09123,0.3423,0.04759,0.5216485805107969,1.5239514475921616,1.0,0.016361971,1.3749305912007332,0.378325776357743,0.1233093226926465,0.2726905587818107,0.3303393355373148,fresh herbs,packaged vegetables fruits,fresh herbs → packaged vegetables fruits
frozenset({'frozen appetizers sides'}),frozenset({'fresh vegetables'}),0.02374,0.44933,0.01434,0.6040438079191238,1.3443211179291918,1.0,0.0036729057999999,1.390734659574468,0.2623585024235461,0.0312602184291413,0.2809555776038713,0.3179789956293814,frozen appetizers sides,fresh vegetables,frozen appetizers sides → fresh vegetables
frozenset({'frozen breakfast'}),frozenset({'fresh vegetables'}),0.03393,0.44933,0.0196,0.5776598880047156,1.2856027596748838,1.0,0.0043542330999999,1.3038543684577808,0.2299571977185917,0.0422723547426993,0.2330431801345916,0.3106401948202422,frozen breakfast,fresh vegetables,frozen breakfast → fresh vegetables
frozenset({'frozen meals'}),frozenset({'fresh vegetables'}),0.02846,0.44933,0.01464,0.5144061841180605,1.144829377335278,1.0,0.0018520682,1.134013617945007,0.1302132600926185,0.0316096297095973,0.118176374449417,0.2734940140985112,frozen meals,fresh vegetables,frozen meals → fresh vegetables
frozenset({'frozen produce'}),frozenset({'fresh vegetables'}),0.09652,0.44933,0.06178,0.6400745959386656,1.4245089264875828,1.0,0.0184106684,1.5299559124928035,0.3298398381694303,0.1276261697688351,0.3463863946440982,0.3887840987616235,frozen produce,fresh vegetables,frozen produce → fresh vegetables
frozenset({'fruit vegetable snacks'}),frozenset({'fresh vegetables'}),0.02592,0.44933,0.01242,0.4791666666666667,1.0664025697520012,1.0,0.0007733664,1.0572864000000002,0.0639247557561561,0.0268349069852861,0.0541824807355887,0.2534039106373192,fruit vegetable snacks,fresh vegetables,fruit vegetable snacks → fresh vegetables
frozenset({'grains rice dried goods'}),frozenset({'fresh vegetables'}),0.01713,0.44933,0.01309,0.7641564506713369,1.7006575360455274,1.0,0.0053929771,2.334895321782178,0.4191725650772057,0.0288726647109424,0.5717152753397441,0.3966443571318984,grains rice dried goods,fresh vegetables,grains rice dried goods → fresh vegetables
frozenset({'hot cereal pancake mixes'}),frozenset({'fresh vegetables'}),0.01952,0.44933,0.01205,0.6173155737704918,1.3738579079306787,1.0,0.0032790783999999,1.4389663186077646,0.2775402749639773,0.0263791593695271,0.3050567014191654,0.3220666400666493,hot cereal pancake mixes,fresh vegetables,hot cereal pancake mixes → fresh vegetables
frozenset({'hot dogs bacon sausage'}),frozenset({'fresh vegetables'}),0.05453,0.44933,0.03311,0.607188703465982,1.3513201955488885,1.0,0.0086080350999999,1.4018690522875814,0.2749774595589682,0.0703345724907063,0.2866666124284635,0.3404380968646314,hot dogs bacon sausage,fresh vegetables,hot dogs bacon sausage → fresh vegetables
frozenset({'ice cream ice'}),frozenset({'fresh vegetables'}),0.04113,0.44933,0.0195,0.474106491611962,1.0551409690249085,1.0,0.0010190570999999,1.0471131345353677,0.0545009630727193,0.0414047902157295,0.0449933564784027,0.2587522198339783,ice cream ice,fresh vegetables,ice cream ice → fresh vegetables
frozenset({'instant foods'}),frozenset({'fresh vegetables'}),0.01921,0.44933,0.01132,0.5892764185320145,1.3114557642089657,1.0,0.0026883706999999,1.3407313941698351,0.2421400888452327,0.0247583220331569,0.2541384468593068,0.3072347418812344,instant foods,fresh vegetables,instant foods → fresh vegetables
frozenset({'juice nectars'}),frozenset({'fresh vegetables'}),0.04729,0.44933,0.02332,0.4931275111017129,1.0974729288089218,1.0,0.0020711843,1.0864073550271172,0.0932243739547849,0.049271075427847,0.0795349503363409,0.2725135029525434,juice nectars,fresh vegetables,juice nectars → fresh vegetables
frozenset({'lunch meat'}),frozenset({'fresh vegetables'}),0.07633,0.44933,0.0448,0.5869251932398795,1.3062230281527596,1.0,0.0105026411,1.33309993973993,0.2538070448590948,0.0931664101817576,0.2498686931190721,0.3433145984893898,lunch meat,fresh vegetables,lunch meat → fresh vegetables
frozenset({'milk'}),frozenset({'fresh vegetables'}),0.23003,0.44933,0.11551,0.5021518932313176,1.1175570142908722,1.0,0.0121506200999999,1.1061004200139712,0.1366170975159064,0.2048594484348674,0.0959229542762772,0.3796117666143235,milk,fresh vegetables,milk → fresh vegetables
frozenset({'nuts seeds dried fruit'}),frozenset({'fresh vegetables'}),0.03847,0.44933,0.02204,0.5729139589290356,1.2750405246234071,1.0,0.0047542749,1.2893654838709678,0.2243416246600175,0.0473205084163517,0.2244247170338598,0.310982383955649,nuts seeds dried fruit,fresh vegetables,nuts seeds dried fruit → fresh vegetables
frozenset({'oils vinegars'}),frozenset({'fresh vegetables'}),0.04385,0.44933,0.02851,0.6501710376282782,1.4469789188976436,1.0,0.0088068795,1.5741120925684484,0.3230716185696858,0.0613553704779736,0.3647212261940513,0.3568105316109699,oils vinegars,fresh vegetables,oils vinegars → fresh vegetables
frozenset({'other creams cheeses'}),frozenset({'fresh vegetables'}),0.06531,0.44933,0.03928,0.6014392895421834,1.3385246690454309,1.0,0.0099342576999999,1.3816464733000382,0.2705804073184658,0.0826321104005385,0.2762258513123711,0.3444291678387702,other creams cheeses,fresh vegetables,other creams cheeses → fresh vegetables
frozenset({'packaged cheese'}),frozenset({'fresh vegetables'}),0.16892,0.44933,0.10096,0.597679374852001,1.3301568443059688,1.0,0.0250591763999999,1.3687342024720424,0.2986583217056956,0.1951709872605308,0.2693979603973359,0.4111847344960826,packaged cheese,fresh vegetables,packaged cheese → fresh vegetables
frozenset({'packaged poultry'}),frozenset({'fresh vegetables'}),0.02255,0.44933,0.01518,0.6731707317073171,1.4981655614076894,1.0,0.0050476085,1.6848858208955226,0.3401882745772236,0.0332384497481935,0.406487972301591,0.3534771825585303,packaged poultry,fresh vegetables,packaged poultry → fresh vegetables
frozenset({'packaged produce'}),frozenset({'fresh vegetables'}),0.0631,0.44933,0.02111,0.3345483359746434,0.7445492977870237,1.0,-0.007242723,0.8275131459871398,-0.2680436785422367,0.0429658878124236,-0.2084400167529675,0.1907646983325023,packaged produce,fresh vegetables,packaged produce → fresh vegetables
frozenset({'packaged vegetables fruits'}),frozenset({'fresh vegetables'}),0.3423,0.44933,0.21588,0.6306748466257669,1.4035894479019138,1.0,0.0620743409999999,1.491016777408638,0.4371916577579335,0.3749544072948327,0.3293167352965785,0.555561757321296,packaged vegetables fruits,fresh vegetables,packaged vegetables fruits → fresh vegetables
frozenset({'fresh vegetables'}),frozenset({'packaged vegetables fruits'}),0.44933,0.3423,0.21588,0.480448668016825,1.4035894479019135,1.0,0.0620743409999999,1.2658999400299846,0.5221656405967148,0.3749544072948327,0.2100481496378668,0.555561757321296,fresh vegetables,packaged vegetables fruits,fresh vegetables → packaged vegetables fruits
frozenset({'paper goods'}),frozenset({'fresh vegetables'}),0.02778,0.44933,0.01309,0.4712023038156947,1.0486775951209462,1.0,0.0006076125999999,1.0413623281143634,0.0477444147068669,0.028209990948666,0.0397194396202711,0.2501672837040773,paper goods,fresh vegetables,paper goods → fresh vegetables
frozenset({'pasta sauce'}),frozenset({'fresh vegetables'}),0.03845,0.44933,0.02648,0.6886866059817945,1.5326966950388234,1.0,0.0092032615,1.7688606098579782,0.3614530628653604,0.0574029915456319,0.4346643288753601,0.3738093969530186,pasta sauce,fresh vegetables,pasta sauce → fresh vegetables
frozenset({'poultry counter'}),frozenset({'fresh vegetables'}),0.03114,0.44933,0.02357,0.7569043031470777,1.684517622119773,1.0,0.0095778638,2.2652396036988107,0.4194189496211122,0.0515867804771284,0.5585455956327341,0.4046800909499437,poultry counter,fresh vegetables,poultry counter → fresh vegetables
frozenset({'refrigerated'}),frozenset({'fresh vegetables'}),0.08461,0.44933,0.0419,0.4952133317574754,1.1021149973459938,1.0,0.0038821886999999,1.0908964809178177,0.1012176976564704,0.08515567840013,0.0833227373154074,0.29423164084146,refrigerated,fresh vegetables,refrigerated → fresh vegetables
frozenset({'soup broth bouillon'}),frozenset({'fresh vegetables'}),0.04343,0.44933,0.03229,0.7434952797605341,1.6546753605602431,1.0,0.0127755980999999,2.1468220915619383,0.4136151518160563,0.0701240037353139,0.5341952163011133,0.4076789153348327,soup broth bouillon,fresh vegetables,soup broth bouillon → fresh vegetables
frozenset({'soy lactosefree'}),frozenset({'fresh vegetables'}),0.14592,0.44933,0.08036,0.5507127192982456,1.2256308710708068,1.0,0.0147937664,1.2256523245881634,0.2155461532134992,0.1560721707549185,0.1841079399608578,0.3647783880024489,soy lactosefree,fresh vegetables,soy lactosefree → fresh vegetables
frozenset({'spreads'}),frozenset({'fresh vegetables'}),0.04131,0.44933,0.02108,0.5102880658436214,1.135664357696173,1.0,0.0025181777,1.1244773949579832,0.1246056026048987,0.0448930914047193,0.1106979967015116,0.2786011802300251,spreads,fresh vegetables,spreads → fresh vegetables
frozenset({'tofu meat alternatives'}),frozenset({'fresh vegetables'}),0.01636,0.44933,0.01267,0.7744498777506114,1.7235659264919132,1.0,0.0053189612,2.4414528997289984,0.4267897948559989,0.0279678601386252,0.5904078263762532,0.4013237081540095,tofu meat alternatives,fresh vegetables,tofu meat alternatives → fresh vegetables
frozenset({'tortillas flat bread'}),frozenset({'fresh vegetables'}),0.02543,0.44933,0.01654,0.6504128981517892,1.4475171881507782,1.0,0.0051135380999999,1.575201136107986,0.3172290513415155,0.0360961983326786,0.3651604375611331,0.3436116301232317,tortillas flat bread,fresh vegetables,tortillas flat bread → fresh vegetables
frozenset({'water seltzer sparkling water'}),frozenset({'fresh vegetables'}),0.174,0.44933,0.07161,0.411551724137931,0.9159230946919436,1.0,-0.0065734199999999,0.9358001757984176,-0.1000166151172004,0.1297940984557384,-0.0686042019032614,0.2854611713071646,water seltzer sparkling water,fresh vegetables,water seltzer sparkling water → fresh vegetables
frozenset({'yogurt'}),frozenset({'fresh vegetables'}),0.20368,0.44933,0.10979,0.5390318146111548,1.199634599539659,1.0,0.0182704655999999,1.194594372137608,0.2089773446056614,0.202109642502117,0.1628957717165539,0.3916866949226962,yogurt,fresh vegetables,yogurt → fresh vegetables
frozenset({'frozen appetizers sides'}),frozenset({'packaged vegetables fruits'}),0.02374,0.3423,0.01238,0.5214827295703454,1.5234669283387243,1.0,0.004253798,1.3744540492957744,0.3519579039019604,0.0350053723915625,0.2724383907105753,0.2788249172245533,frozen appetizers sides,packaged vegetables fruits,frozen appetizers sides → packaged vegetables fruits
frozenset({'frozen breakfast'}),frozenset({'milk'}),0.03393,0.23003,0.01254,0.3695844385499558,1.60667929639593,1.0,0.0047350821,1.221368962131837,0.3908601380733453,0.0498767003420571,0.1812465921398961,0.2120495335383348,frozen breakfast,milk,frozen breakfast → milk
frozenset({'frozen breakfast'}),frozenset({'packaged cheese'}),0.03393,0.16892,0.01108,0.3265546713822576,1.9331912821587591,1.0,0.0053485443999999,1.234071964989059,0.499674571944488,0.0577775460186682,0.1896744854674129,0.1960739257929521,frozen breakfast,packaged cheese,frozen breakfast → packaged cheese
frozenset({'frozen breakfast'}),frozenset({'packaged vegetables fruits'}),0.03393,0.3423,0.01673,0.4930739758325964,1.4404731984592358,1.0,0.0051157609999999,1.2974279651162786,0.3165233181947147,0.0465368567454798,0.2292442995782217,0.2709746157281592,frozen breakfast,packaged vegetables fruits,frozen breakfast → packaged vegetables fruits
frozenset({'frozen breakfast'}),frozenset({'yogurt'}),0.03393,0.20368,0.01223,0.3604479811376362,1.7696778335508458,1.0,0.0053191375999999,1.2451215483870963,0.4502007065386791,0.0542639098411571,0.1968655579887937,0.2102465750150082,frozen breakfast,yogurt,frozen breakfast → yogurt
frozenset({'frozen meals'}),frozenset({'packaged vegetables fruits'}),0.02846,0.3423,0.01221,0.4290231904427266,1.2533543395931248,1.0,0.002468142,1.1518856615384614,0.2080624904183379,0.034053827918003,0.1318582795236835,0.2323468274737735,frozen meals,packaged vegetables fruits,frozen meals → packaged vegetables fruits
frozenset({'frozen produce'}),frozenset({'packaged vegetables fruits'}),0.09652,0.3423,0.05172,0.5358474927476171,1.5654323480795125,1.0,0.018681204,1.4169911607142858,0.3997862043511673,0.1336088865926117,0.2942792956478898,0.3434715114921258,frozen produce,packaged vegetables fruits,frozen produce → packaged vegetables fruits
frozenset({'fruit vegetable snacks'}),frozenset({'packaged vegetables fruits'}),0.02592,0.3423,0.01177,0.4540895061728395,1.326583424402102,1.0,0.002897584,1.2047762544169611,0.2527347417709337,0.0330200589142937,0.1699703606094564,0.244237274266671,fruit vegetable snacks,packaged vegetables fruits,fruit vegetable snacks → packaged vegetables fruits
frozenset({'hot dogs bacon sausage'}),frozenset({'milk'}),0.05453,0.23003,0.01699,0.311571611956721,1.3544825107886842,1.0,0.0044464641,1.1184460335641984,0.2768048263945982,0.0634974025488657,0.1059023234109394,0.192715771635014,hot dogs bacon sausage,milk,hot dogs bacon sausage → milk
frozenset({'hot dogs bacon sausage'}),frozenset({'packaged vegetables fruits'}),0.05453,0.3423,0.02558,0.4690995782138272,1.3704340584686745,1.0,0.0069143809999999,1.2388387219343693,0.2858939817820066,0.0689023569023569,0.1927924254429484,0.271914673711062,hot dogs bacon sausage,packaged vegetables fruits,hot dogs bacon sausage → packaged vegetables fruits
frozenset({'ice cream ice'}),frozenset({'packaged vegetables fruits'}),0.04113,0.3423,0.01456,0.3539995137369316,1.0341791228072792,1.0,0.000481201,1.0181106887467066,0.0344671532436819,0.0394719006696126,0.0177885262839161,0.1982676505289975,ice cream ice,packaged vegetables fruits,ice cream ice → packaged vegetables fruits
frozenset({'juice nectars'}),frozenset({'packaged vegetables fruits'}),0.04729,0.3423,0.01918,0.4055825755973778,1.184874600050768,1.0,0.002992633,1.1064615083600142,0.1637736899127629,0.0517804594908344,0.096217995434663,0.2308076477168893,juice nectars,packaged vegetables fruits,juice nectars → packaged vegetables fruits
frozenset({'lunch meat'}),frozenset({'milk'}),0.07633,0.23003,0.02487,0.3258220883007992,1.4164330230874198,1.0,0.0073118101,1.1420872541780025,0.3182968054538161,0.0883512735798785,0.1244101566305169,0.2169692104765309,lunch meat,milk,lunch meat → milk
frozenset({'lunch meat'}),frozenset({'packaged cheese'}),0.07633,0.16892,0.02522,0.3304074413729857,1.9559995345310544,1.0,0.0123263364,1.2411726941890042,0.5291418304976166,0.1146207335363359,0.194310344819976,0.2398544429218705,lunch meat,packaged cheese,lunch meat → packaged cheese
frozenset({'lunch meat'}),frozenset({'packaged vegetables fruits'}),0.07633,0.3423,0.03777,0.494825101532818,1.445588961533211,1.0,0.011642241,1.3019253371369293,0.3337127208979774,0.0991702987974583,0.2319067987423112,0.302583453483324,lunch meat,packaged vegetables fruits,lunch meat → packaged vegetables fruits
frozenset({'lunch meat'}),frozenset({'yogurt'}),0.07633,0.20368,0.02368,0.3102318878553649,1.5231337777659313,1.0,0.0081331056,1.1544749401709402,0.3718415141244724,0.0923809152264658,0.1338053644958871,0.2132463445561191,lunch meat,yogurt,lunch meat → yogurt
frozenset({'other creams cheeses'}),frozenset({'milk'}),0.06531,0.23003,0.02222,0.3402235492267646,1.4790399044766536,1.0,0.0071967406999999,1.1670164933859366,0.3465167275481786,0.081356180433509,0.1431140813626045,0.2184098226940674,other creams cheeses,milk,other creams cheeses → milk
frozenset({'packaged cheese'}),frozenset({'milk'}),0.16892,0.23003,0.05748,0.3402794222116979,1.479282798816232,1.0,0.0186233324,1.1671153302225412,0.3898502385523525,0.1683310393299557,0.1431866465079131,0.2950799362938678,packaged cheese,milk,packaged cheese → milk
frozenset({'milk'}),frozenset({'packaged vegetables fruits'}),0.23003,0.3423,0.09306,0.404555927487719,1.181875335926728,1.0,0.014320731,1.1045537781996058,0.199861128168918,0.1941703006655956,0.0946570282616983,0.3382113555054721,milk,packaged vegetables fruits,milk → packaged vegetables fruits
frozenset({'pasta sauce'}),frozenset({'milk'}),0.03845,0.23003,0.01179,0.3066319895968791,1.3330086927656353,1.0,0.0029453464999999,1.1104781132783197,0.2598069213330592,0.0459308893996649,0.0994869794886542,0.1789430869168589,pasta sauce,milk,pasta sauce → milk
frozenset({'yogurt'}),frozenset({'milk'}),0.20368,0.23003,0.07134,0.3502553024351925,1.5226505344311283,1.0,0.0244874895999999,1.1850346803687473,0.4310459174721238,0.1968706018710158,0.1561428398966095,0.3301943816440623,yogurt,milk,yogurt → milk
frozenset({'milk'}),frozenset({'yogurt'}),0.23003,0.20368,0.07134,0.3101334608529322,1.5226505344311283,1.0,0.0244874895999999,1.1543102249669168,0.4457972193740037,0.1968706018710158,0.1336817621721571,0.3301943816440623,milk,yogurt,milk → yogurt
frozenset({'nuts seeds dried fruit'}),frozenset({'packaged vegetables fruits'}),0.03847,0.3423,0.01829,0.4754354042110736,1.3889436290127772,1.0,0.005121719,1.2538017343904857,0.2912320740505623,0.0504579563010373,0.2024257324176275,0.2644340328095976,nuts seeds dried fruit,packaged vegetables fruits,nuts seeds dried fruit → packaged vegetables fruits
frozenset({'nuts seeds dried fruit'}),frozenset({'yogurt'}),0.03847,0.20368,0.01164,0.3025734338445542,1.485533355481904,1.0,0.0038044303999999,1.1417976295191952,0.3399177349186789,0.050496724654028,0.1241880573695928,0.1798609510149715,nuts seeds dried fruit,yogurt,nuts seeds dried fruit → yogurt
frozenset({'oils vinegars'}),frozenset({'packaged vegetables fruits'}),0.04385,0.3423,0.02003,0.4567844925883694,1.334456595350188,1.0,0.005020145,1.21075335852225,0.2621255065057071,0.0547088386321424,0.1740679528483646,0.2576502071472376,oils vinegars,packaged vegetables fruits,oils vinegars → packaged vegetables fruits
frozenset({'other creams cheeses'}),frozenset({'packaged cheese'}),0.06531,0.16892,0.02107,0.322615219721329,1.9098698775830516,1.0,0.0100378347999999,1.226895,0.5096921113966436,0.0988459373240758,0.1849343260833241,0.223674410713139,other creams cheeses,packaged cheese,other creams cheeses → packaged cheese
frozenset({'other creams cheeses'}),frozenset({'packaged vegetables fruits'}),0.06531,0.3423,0.02858,0.4376052671872607,1.2784261384378053,1.0,0.0062243869999999,1.1694632997549688,0.2330058185467253,0.0754030024008653,0.144906898566612,0.2605496391443169,other creams cheeses,packaged vegetables fruits,other creams cheeses → packaged vegetables fruits
frozenset({'packaged cheese'}),frozenset({'packaged vegetables fruits'}),0.16892,0.3423,0.08165,0.4833649064645987,1.4121089876266395,1.0,0.023828684,1.273045536839693,0.3511567636513136,0.1900737947249575,0.2144821445409741,0.3609491783272452,packaged cheese,packaged vegetables fruits,packaged cheese → packaged vegetables fruits
frozenset({'pasta sauce'}),frozenset({'packaged cheese'}),0.03845,0.16892,0.01382,0.3594278283485045,2.127799125908741,1.0,0.007325026,1.2974025984571662,0.551225443181802,0.071402738310514,0.2292292298557353,0.2206208523698478,pasta sauce,packaged cheese,pasta sauce → packaged cheese
frozenset({'packaged cheese'}),frozenset({'yogurt'}),0.16892,0.20368,0.05481,0.3244731233720104,1.593053433680334,1.0,0.0204043744,1.178813201296994,0.4479408302535003,0.1724723874256584,0.1516891744173328,0.2967858546946462,packaged cheese,yogurt,packaged cheese → yogurt
frozenset({'packaged poultry'}),frozenset({'packaged vegetables fruits'}),0.02255,0.3423,0.01122,0.4975609756097561,1.4535815822663047,1.0,0.003501135,1.309014563106796,0.319243048388213,0.0317280773690015,0.2360665586281832,0.2651696201449306,packaged poultry,packaged vegetables fruits,packaged poultry → packaged vegetables fruits
frozenset({'packaged produce'}),frozenset({'packaged vegetables fruits'}),0.0631,0.3423,0.0235,0.3724247226624405,1.0880067854584885,1.0,0.0019008699999999,1.0480017676767674,0.0863358790760838,0.0615344330976695,0.0458031361752174,0.2205389754124355,packaged produce,packaged vegetables fruits,packaged produce → packaged vegetables fruits
frozenset({'paper goods'}),frozenset({'packaged vegetables fruits'}),0.02778,0.3423,0.01015,0.3653707703383729,1.067399270635036,1.0,0.000640906,1.036353148043108,0.0649476952499044,0.0281999277637318,0.0350779539887074,0.1975115610383071,paper goods,packaged vegetables fruits,paper goods → packaged vegetables fruits
frozenset({'pasta sauce'}),frozenset({'packaged vegetables fruits'}),0.03845,0.3423,0.01976,0.5139141742522757,1.501356045142494,1.0,0.006598565,1.3530532370251471,0.3472887272721148,0.0547383584032798,0.2609307803744499,0.2858206570940023,pasta sauce,packaged vegetables fruits,pasta sauce → packaged vegetables fruits
frozenset({'poultry counter'}),frozenset({'packaged vegetables fruits'}),0.03114,0.3423,0.01624,0.5215157353885678,1.5235633519969844,1.0,0.005580778,1.3745488590604027,0.3546889803658334,0.0454647256438969,0.272488574408648,0.2844797490848769,poultry counter,packaged vegetables fruits,poultry counter → packaged vegetables fruits
frozenset({'refrigerated'}),frozenset({'packaged vegetables fruits'}),0.08461,0.3423,0.03337,0.3943978253161564,1.1521993143913425,1.0,0.0044079969999999,1.0860264832162372,0.144304182843895,0.0847944300452304,0.0792121412743749,0.2459427046534039,refrigerated,packaged vegetables fruits,refrigerated → packaged vegetables fruits
frozenset({'soup broth bouillon'}),frozenset({'packaged vegetables fruits'}),0.04343,0.3423,0.02159,0.4971218052037762,1.452298583709542,1.0,0.006723911,1.3078713827838828,0.3255761307856822,0.0592903828197945,0.2353988219610403,0.2800975663471408,soup broth bouillon,packaged vegetables fruits,soup broth bouillon → packaged vegetables fruits
frozenset({'soy lactosefree'}),frozenset({'packaged vegetables fruits'}),0.14592,0.3423,0.06685,0.4581277412280702,1.3383807806838162,1.0,0.016901584,1.213754698368534,0.2960243556521553,0.1586491681894772,0.1761102953140798,0.3267121323727263,soy lactosefree,packaged vegetables fruits,soy lactosefree → packaged vegetables fruits
frozenset({'spreads'}),frozenset({'packaged vegetables fruits'}),0.04131,0.3423,0.01822,0.4410554345194868,1.2885055054615449,1.0,0.004079587,1.1766819835426592,0.2335552474018957,0.0498645283122143,0.1501527056704984,0.2471417984750516,spreads,packaged vegetables fruits,spreads → packaged vegetables fruits
frozenset({'tortillas flat bread'}),frozenset({'packaged vegetables fruits'}),0.02543,0.3423,0.0116,0.4561541486433346,1.3326150997468145,1.0,0.0028953109999999,1.2093500361532898,0.2561086180182736,0.0325723752562266,0.1731095463635922,0.245021275314948,tortillas flat bread,packaged vegetables fruits,tortillas flat bread → packaged vegetables fruits
frozenset({'water seltzer sparkling water'}),frozenset({'packaged vegetables fruits'}),0.174,0.3423,0.06053,0.3478735632183908,1.0162826854174434,1.0,0.0009698,1.0085467524455805,0.0193968612206383,0.1328082146696798,0.0084743244920037,0.262353375240513,water seltzer sparkling water,packaged vegetables fruits,water seltzer sparkling water → packaged vegetables fruits
frozenset({'yogurt'}),frozenset({'packaged vegetables fruits'}),0.20368,0.3423,0.0928,0.4556166535742341,1.3310448541461704,1.0,0.0230803359999999,1.2081559884559885,0.3123248408194937,0.2047751445341806,0.1722923119571751,0.363361934733363,yogurt,packaged vegetables fruits,yogurt → packaged vegetables fruits
frozenset({'pasta sauce'}),frozenset({'yogurt'}),0.03845,0.20368,0.01164,0.3027308192457737,1.4863060646395017,1.0,0.0038085039999999,1.1420553524804178,0.3402746246082846,0.0505011063386697,0.1243856982692557,0.1799396437155812,pasta sauce,yogurt,pasta sauce → yogurt
frozenset({'spreads'}),frozenset({'yogurt'}),0.04131,0.20368,0.01253,0.3033163882837085,1.4891810108194643,1.0,0.0041159792,1.1430152605976374,0.3426446088889736,0.0539017465370386,0.1251210421485188,0.1824172279203303,spreads,yogurt,spreads → yogurt
"frozenset({'fresh fruits', 'baking ingredients'})",frozenset({'fresh vegetables'}),0.02074,0.44933,0.01481,0.7140790742526518,1.5892085421686777,1.0,0.0054908957999999,1.925952074198988,0.3786082982943354,0.0325308614857444,0.4807762802634097,0.3735196297086151,"fresh fruits, baking ingredients",fresh vegetables,"fresh fruits, baking ingredients → fresh vegetables"
"frozenset({'baking ingredients', 'fresh vegetables'})",frozenset({'fresh fruits'}),0.01923,0.57912,0.01481,0.7701508060322413,1.329863941898469,1.0,0.0036735224,1.8311136651583717,0.2529067733487276,0.0253795798060115,0.4538842568718905,0.3978620448174744,"baking ingredients, fresh vegetables",fresh fruits,"baking ingredients, fresh vegetables → fresh fruits"
frozenset({'baking ingredients'}),"frozenset({'fresh fruits', 'fresh vegetables'})",0.03265,0.32152,0.01481,0.4535987748851455,1.410794895761214,1.0,0.004312372,1.2417248878923768,0.3010076429592293,0.0436409712399811,0.1946686341309184,0.2498306141158745,baking ingredients,"fresh fruits, fresh vegetables","baking ingredients → fresh fruits, fresh vegetables"
"frozenset({'fresh fruits', 'baking ingredients'})",frozenset({'packaged vegetables fruits'}),0.02074,0.3423,0.01057,0.5096432015429122,1.4888787658279643,1.0,0.0034706979999999,1.3412682399213371,0.3353079288279986,0.0299883678043521,0.2544369796912152,0.2702612735730921,"fresh fruits, baking ingredients",packaged vegetables fruits,"fresh fruits, baking ingredients → packaged vegetables fruits"
"frozenset({'baking ingredients', 'packaged vegetables fruits'})",frozenset({'fresh fruits'}),0.01314,0.57912,0.01057,0.8044140030441399,1.389028185944433,1.0,0.0029603631999999,2.151892295719843,0.2838013541454101,0.018171190840482,0.535292727248004,0.4113329167037248,"baking ingredients, packaged vegetables fruits",fresh fruits,"baking ingredients, packaged vegetables fruits → fresh fruits"
frozenset({'baking ingredients'}),"frozenset({'fresh fruits', 'packaged vegetables fruits'})",0.03265,0.2571,0.01057,0.3237366003062787,1.2591855321131027,1.0,0.002175685,1.0985364583333332,0.2127832286109302,0.0378608782864102,0.0896979409157069,0.1824245039648857,baking ingredients,"fresh fruits, packaged vegetables fruits","baking ingredients → fresh fruits, packaged vegetables fruits"
"frozenset({'baking ingredients', 'packaged vegetables fruits'})",frozenset({'fresh vegetables'}),0.01314,0.44933,0.01015,0.7724505327245053,1.719116312564274,1.0,0.0042458037999999,2.420001270903009,0.4238755174021119,0.0224398655818889,0.5867770765149822,0.3975198605357999,"baking ingredients, packaged vegetables fruits",fresh vegetables,"baking ingredients, packaged vegetables fruits → fresh vegetables"
"frozenset({'baking ingredients', 'fresh vegetables'})",frozenset({'packaged vegetables fruits'}),0.01923,0.3423,0.01015,0.5278211128445137,1.541983969747338,1.0,0.0035675709999999,1.3929042951541848,0.3583764058711082,0.0288861062098013,0.2820755858970864,0.2787367322913775,"baking ingredients, fresh vegetables",packaged vegetables fruits,"baking ingredients, fresh vegetables → packaged vegetables fruits"
frozenset({'baking ingredients'}),"frozenset({'packaged vegetables fruits', 'fresh vegetables'})",0.03265,0.21588,0.01015,0.3108728943338438,1.4400263773107458,1.0,0.003101518,1.1378452444444445,0.3158818171934346,0.0425790754257907,0.1211458633038869,0.1789448777765198,baking ingredients,"packaged vegetables fruits, fresh vegetables","baking ingredients → packaged vegetables fruits, fresh vegetables"
"frozenset({'bread', 'chips pretzels'})",frozenset({'fresh fruits'}),0.01514,0.57912,0.01178,0.7780713342140027,1.3435407760291522,1.0,0.0030121232,1.8964652380952385,0.2596288452329561,0.0202238703474797,0.4727032270813597,0.399206270781542,"bread, chips pretzels",fresh fruits,"bread, chips pretzels → fresh fruits"
"frozenset({'bread', 'eggs'})",frozenset({'fresh fruits'}),0.02013,0.57912,0.01637,0.8132141082960755,1.404223836676467,1.0,0.0047123144,2.2532751063829792,0.2937765440678837,0.0280846829536096,0.5562015498386133,0.4207405670641864,"bread, eggs",fresh fruits,"bread, eggs → fresh fruits"
"frozenset({'bread', 'eggs'})",frozenset({'fresh vegetables'}),0.02013,0.44933,0.01291,0.641331346249379,1.4273058692929006,1.0,0.0038649871,1.5353167728531856,0.3055296377109162,0.0282772971197021,0.3486686150496287,0.3350315066991225,"bread, eggs",fresh vegetables,"bread, eggs → fresh vegetables"
"frozenset({'bread', 'eggs'})",frozenset({'packaged vegetables fruits'}),0.02013,0.3423,0.01109,0.5509190263288624,1.6094625367480642,1.0,0.004199501,1.46454657079646,0.3864538884609221,0.0315648659418227,0.3171948096835371,0.2916587535968004,"bread, eggs",packaged vegetables fruits,"bread, eggs → packaged vegetables fruits"
"frozenset({'fresh fruits', 'bread'})",frozenset({'fresh vegetables'}),0.07288,0.44933,0.0464,0.6366630076838639,1.4169163146993609,1.0,0.0136528296,1.5155902416918428,0.3173720955662474,0.0975179168155356,0.3401910539594746,0.3699639343495766,"fresh fruits, bread",fresh vegetables,"fresh fruits, bread → fresh vegetables"
"frozenset({'bread', 'fresh vegetables'})",frozenset({'fresh fruits'}),0.05699,0.57912,0.0464,0.8141779259519214,1.4058881163695287,1.0,0.0133959511999999,2.264962341831917,0.306153534774378,0.0786827423648912,0.5584915556736395,0.4471497448519104,"bread, fresh vegetables",fresh fruits,"bread, fresh vegetables → fresh fruits"
frozenset({'bread'}),"frozenset({'fresh fruits', 'fresh vegetables'})",0.10305,0.32152,0.0464,0.45026686074721,1.4004318883652964,1.0,0.0132673639999999,1.234198834951456,0.3187854049451109,0.1226961419467435,0.1897577832024674,0.2972906834216269,bread,"fresh fruits, fresh vegetables","bread → fresh fruits, fresh vegetables"
"frozenset({'bread', 'frozen produce'})",frozenset({'fresh fruits'}),0.01285,0.57912,0.01115,0.867704280155642,1.4983151681096183,1.0,0.003708308,3.1813576470588245,0.336913009299544,0.0191969973485761,0.685668789573375,0.4434788150329253,"bread, frozen produce",fresh fruits,"bread, frozen produce → fresh fruits"
"frozenset({'bread', 'lunch meat'})",frozenset({'fresh fruits'}),0.01619,0.57912,0.01292,0.798023471278567,1.37799328511978,1.0,0.0035440472,2.083806483180428,0.2788211736245103,0.0221844468483318,0.5201089889720751,0.4101665912823281,"bread, lunch meat",fresh fruits,"bread, lunch meat → fresh fruits"
"frozenset({'fresh fruits', 'bread'})",frozenset({'milk'}),0.07288,0.23003,0.0282,0.3869374313940724,1.682117251637058,1.0,0.0114354136,1.2559403222918533,0.4373879547063766,0.1026537075461395,0.2037838245568949,0.2547650683466906,"fresh fruits, bread",milk,"fresh fruits, bread → milk"
"frozenset({'bread', 'milk'})",frozenset({'fresh fruits'}),0.03579,0.57912,0.0282,0.787929589270746,1.360563595231983,1.0,0.0074732952,1.984623873517786,0.2748472512057606,0.0480646315897121,0.496126186254386,0.4183120801720493,"bread, milk",fresh fruits,"bread, milk → fresh fruits"
"frozenset({'fresh fruits', 'bread'})",frozenset({'packaged cheese'}),0.07288,0.16892,0.02295,0.3149012074643249,1.864203217288213,1.0,0.0106391104,1.2130805207290207,0.5000191940708557,0.1048663468128855,0.1756524130821641,0.2253821689701449,"fresh fruits, bread",packaged cheese,"fresh fruits, bread → packaged cheese"
"frozenset({'bread', 'packaged cheese'})",frozenset({'fresh fruits'}),0.02895,0.57912,0.02295,0.7927461139896373,1.3688805670493809,1.0,0.006184476,2.0307460000000006,0.277509992720635,0.0392227235438884,0.507570124476424,0.4161876032028584,"bread, packaged cheese",fresh fruits,"bread, packaged cheese → fresh fruits"
"frozenset({'fresh fruits', 'bread'})",frozenset({'packaged vegetables fruits'}),0.07288,0.3423,0.03822,0.5244237102085619,1.532058750244119,1.0,0.0132731759999999,1.38295372186959,0.3745831353907978,0.1013900679117147,0.2769100048784582,0.3180400759631767,"fresh fruits, bread",packaged vegetables fruits,"fresh fruits, bread → packaged vegetables fruits"
"frozenset({'bread', 'packaged vegetables fruits'})",frozenset({'fresh fruits'}),0.04521,0.57912,0.03822,0.8453881884538819,1.459780681817036,1.0,0.0120379847999999,2.722172360515021,0.3298794380932113,0.0652096022930849,0.6326463325743249,0.455692436539415,"bread, packaged vegetables fruits",fresh fruits,"bread, packaged vegetables fruits → fresh fruits"
frozenset({'bread'}),"frozenset({'fresh fruits', 'packaged vegetables fruits'})",0.10305,0.2571,0.03822,0.3708879184861717,1.44258233561327,1.0,0.0117258449999999,1.1808706617306803,0.3420465640449234,0.1187214611872146,0.1531672075463342,0.2597730140855596,bread,"fresh fruits, packaged vegetables fruits","bread → fresh fruits, packaged vegetables fruits"
"frozenset({'bread', 'soy lactosefree'})",frozenset({'fresh fruits'}),0.0201,0.57912,0.0163,0.8109452736318408,1.4003061086335142,1.0,0.0046596879999999,2.226233684210526,0.2917342886497119,0.0279626706923763,0.550810857327126,0.4195457132076872,"bread, soy lactosefree",fresh fruits,"bread, soy lactosefree → fresh fruits"
"frozenset({'bread', 'water seltzer sparkling water'})",frozenset({'fresh fruits'}),0.01781,0.57912,0.01375,0.7720381807973049,1.3331229810700804,1.0,0.0034358728,1.8462740886699511,0.2544127492458876,0.0235776261188655,0.458368610523914,0.3978905505450815,"bread, water seltzer sparkling water",fresh fruits,"bread, water seltzer sparkling water → fresh fruits"
"frozenset({'fresh fruits', 'bread'})",frozenset({'yogurt'}),0.07288,0.20368,0.02546,0.3493413830954994,1.7151481888035125,1.0,0.0106158016,1.2238676001687052,0.4497368193977047,0.1013938669852648,0.1829181523702776,0.2371706915477497,"fresh fruits, bread",yogurt,"fresh fruits, bread → yogurt"
"frozenset({'yogurt', 'bread'})",frozenset({'fresh fruits'}),0.03049,0.57912,0.02546,0.8350278779927846,1.4418909345088835,1.0,0.0078026312,2.5512189264413525,0.3161042884103479,0.0435846957117178,0.6080305027389863,0.4394955662929802,"yogurt, bread",fresh fruits,"yogurt, bread → fresh fruits"
"frozenset({'bread', 'lunch meat'})",frozenset({'fresh vegetables'}),0.01619,0.44933,0.01015,0.6269302038295244,1.3952556113091144,1.0,0.0028753472999999,1.4760508774834435,0.2879473153107429,0.0222895667259591,0.3225165776772374,0.3247596960883094,"bread, lunch meat",fresh vegetables,"bread, lunch meat → fresh vegetables"
"frozenset({'bread', 'fresh vegetables'})",frozenset({'milk'}),0.05699,0.23003,0.02132,0.3741007194244604,1.6263127393142651,1.0,0.0082105902999999,1.2301819540229886,0.4083860355506467,0.0802408731652239,0.1871121205039942,0.2333921412189902,"bread, fresh vegetables",milk,"bread, fresh vegetables → milk"
"frozenset({'bread', 'milk'})",frozenset({'fresh vegetables'}),0.03579,0.44933,0.02132,0.5956971221011454,1.3257452698487646,1.0,0.0052384792999999,1.362023448514167,0.2548275627095238,0.0459680896938335,0.265798249588947,0.3215727726545164,"bread, milk",fresh vegetables,"bread, milk → fresh vegetables"
"frozenset({'bread', 'packaged cheese'})",frozenset({'fresh vegetables'}),0.02895,0.44933,0.01882,0.6500863557858376,1.4467904564258731,1.0,0.0058118965,1.573731145113524,0.318021630561832,0.0409611282810255,0.3645674465393749,0.3459854697496833,"bread, packaged cheese",fresh vegetables,"bread, packaged cheese → fresh vegetables"
"frozenset({'bread', 'fresh vegetables'})",frozenset({'packaged cheese'}),0.05699,0.16892,0.01882,0.3302333742761888,1.9549690639130288,1.0,0.0091932492,1.2408501231333509,0.5180040024007508,0.0908783620648027,0.1941008979595091,0.2208235306142961,"bread, fresh vegetables",packaged cheese,"bread, fresh vegetables → packaged cheese"
"frozenset({'bread', 'packaged vegetables fruits'})",frozenset({'fresh vegetables'}),0.04521,0.44933,0.03131,0.6925458969254589,1.541285685187855,1.0,0.0109957906999999,1.79106407913669,0.3678201653242618,0.0675906137339982,0.441672684049356,0.3811137113764009,"bread, packaged vegetables fruits",fresh vegetables,"bread, packaged vegetables fruits → fresh vegetables"
"frozenset({'bread', 'fresh vegetables'})",frozenset({'packaged vegetables fruits'}),0.05699,0.3423,0.03131,0.5493946306369538,1.6050091458865143,1.0,0.011802323,1.4595920171339565,0.3997312763019885,0.0850861459861949,0.3148770421726529,0.3204320509305131,"bread, fresh vegetables",packaged vegetables fruits,"bread, fresh vegetables → packaged vegetables fruits"
frozenset({'bread'}),"frozenset({'packaged vegetables fruits', 'fresh vegetables'})",0.10305,0.21588,0.03131,0.303833090732654,1.4074165774164074,1.0,0.0090635659999999,1.1263390855868414,0.3227362881295673,0.1088589110632084,0.112167896154484,0.2244336845177074,bread,"packaged vegetables fruits, fresh vegetables","bread → packaged vegetables fruits, fresh vegetables"
"frozenset({'bread', 'soy lactosefree'})",frozenset({'fresh vegetables'}),0.0201,0.44933,0.01283,0.6383084577114427,1.4205783226391355,1.0,0.003798467,1.5224851444291607,0.3021342388079907,0.0280989925536574,0.3431791412487383,0.3334310409982446,"bread, soy lactosefree",fresh vegetables,"bread, soy lactosefree → fresh vegetables"
"frozenset({'bread', 'water seltzer sparkling water'})",frozenset({'fresh vegetables'}),0.01781,0.44933,0.01024,0.574957888826502,1.2795893637782965,1.0,0.0022374327,1.2955657463672392,0.2224613232769373,0.0224119063252352,0.2281364316677901,0.2988736876976967,"bread, water seltzer sparkling water",fresh vegetables,"bread, water seltzer sparkling water → fresh vegetables"
"frozenset({'bread', 'yogurt'})",frozenset({'fresh vegetables'}),0.03049,0.44933,0.01911,0.6267628730731387,1.3948832107207143,1.0,0.0054099282999999,1.475389130052724,0.2919970939589096,0.041479455622843,0.3222127101043069,0.3346464310840066,"bread, yogurt",fresh vegetables,"bread, yogurt → fresh vegetables"
"frozenset({'bread', 'fresh vegetables'})",frozenset({'yogurt'}),0.05699,0.20368,0.01911,0.3353219863133883,1.64631768614193,1.0,0.0075022767999999,1.1980537697993665,0.4163092862106809,0.079110779930452,0.1653129223344739,0.2145728156233084,"bread, fresh vegetables",yogurt,"bread, fresh vegetables → yogurt"
"frozenset({'bread', 'packaged cheese'})",frozenset({'milk'}),0.02895,0.23003,0.01293,0.4466321243523316,1.941625546025873,1.0,0.0062706315,1.3914251872659178,0.4994260165909818,0.0525502946555578,0.2813124204220055,0.2514210919548903,"bread, packaged cheese",milk,"bread, packaged cheese → milk"
"frozenset({'bread', 'milk'})",frozenset({'packaged cheese'}),0.03579,0.16892,0.01293,0.3612740989103101,2.138728977683579,1.0,0.0068843532,1.3011528083989503,0.5521956580060697,0.067421003232871,0.2314507615516077,0.2189096045108027,"bread, milk",packaged cheese,"bread, milk → packaged cheese"
"frozenset({'bread', 'packaged vegetables fruits'})",frozenset({'milk'}),0.04521,0.23003,0.01778,0.3932758239327582,1.7096718859833857,1.0,0.0073803437,1.2690610171345245,0.4347473754115343,0.0690592713431212,0.2120158239058122,0.2352850449490335,"bread, packaged vegetables fruits",milk,"bread, packaged vegetables fruits → milk"
"frozenset({'bread', 'milk'})",frozenset({'packaged vegetables fruits'}),0.03579,0.3423,0.01778,0.4967868119586476,1.4513199297652577,1.0,0.005529083,1.30700072182121,0.3225148538638828,0.0493463961588632,0.2348894814636577,0.2743647761224731,"bread, milk",packaged vegetables fruits,"bread, milk → packaged vegetables fruits"
"frozenset({'bread', 'yogurt'})",frozenset({'milk'}),0.03049,0.23003,0.01381,0.452935388652017,1.9690274688171847,1.0,0.0067963852999999,1.4074571522781776,0.5076121636607476,0.0559766527501925,0.2894987969037976,0.2564855180881265,"bread, yogurt",milk,"bread, yogurt → milk"
"frozenset({'bread', 'milk'})",frozenset({'yogurt'}),0.03579,0.20368,0.01381,0.3858619726180496,1.894451947260652,1.0,0.0065202927999999,1.2966466242038217,0.489668073350275,0.0611982628733492,0.2287798530968073,0.2268322039052542,"bread, milk",yogurt,"bread, milk → yogurt"
"frozenset({'bread', 'packaged vegetables fruits'})",frozenset({'packaged cheese'}),0.04521,0.16892,0.01612,0.3565582835655828,2.1108115295144616,1.0,0.0084831267999999,1.291616596768649,0.5511668123818271,0.0814100297964749,0.2257764397718424,0.2259940364074658,"bread, packaged vegetables fruits",packaged cheese,"bread, packaged vegetables fruits → packaged cheese"
"frozenset({'bread', 'packaged cheese'})",frozenset({'packaged vegetables fruits'}),0.02895,0.3423,0.01612,0.5568221070811744,1.626707879290606,1.0,0.0062104149999999,1.4840541699142633,0.3967473110826414,0.0453918283445498,0.3261701491275269,0.3019576500933187,"bread, packaged cheese",packaged vegetables fruits,"bread, packaged cheese → packaged vegetables fruits"
"frozenset({'yogurt', 'bread'})",frozenset({'packaged cheese'}),0.03049,0.16892,0.01162,0.3811085601836668,2.256148236938591,1.0,0.0064696292,1.3428526338102809,0.574276400000561,0.0618776292667341,0.2553166484377759,0.2249492599639622,"yogurt, bread",packaged cheese,"yogurt, bread → packaged cheese"
"frozenset({'bread', 'packaged cheese'})",frozenset({'yogurt'}),0.02895,0.20368,0.01162,0.4013816925734024,1.970648529916548,1.0,0.005723464,1.330263358338142,0.5072373615479668,0.0525768064793448,0.248269153824345,0.2292159837572432,"bread, packaged cheese",yogurt,"bread, packaged cheese → yogurt"
"frozenset({'bread', 'soy lactosefree'})",frozenset({'packaged vegetables fruits'}),0.0201,0.3423,0.01113,0.5537313432835821,1.6176784787717853,1.0,0.0042497699999999,1.4737759197324414,0.3896624029791257,0.0316850286104705,0.3214707971470003,0.2931233403534475,"bread, soy lactosefree",packaged vegetables fruits,"bread, soy lactosefree → packaged vegetables fruits"
"frozenset({'yogurt', 'bread'})",frozenset({'packaged vegetables fruits'}),0.03049,0.3423,0.01685,0.5526402099048868,1.614490826482287,1.0,0.006413273,1.4701813049853372,0.3925794201096476,0.0473394392313311,0.3198117833432976,0.3009330176021659,"yogurt, bread",packaged vegetables fruits,"yogurt, bread → packaged vegetables fruits"
"frozenset({'bread', 'packaged vegetables fruits'})",frozenset({'yogurt'}),0.04521,0.20368,0.01685,0.3727051537270515,1.8298564106787685,1.0,0.0076416272,1.2694508885754583,0.4749830147372192,0.0726167902085847,0.212257828168389,0.2277164810269193,"bread, packaged vegetables fruits",yogurt,"bread, packaged vegetables fruits → yogurt"
"frozenset({'fresh fruits', 'breakfast bakery'})",frozenset({'fresh vegetables'}),0.02573,0.44933,0.01456,0.5658764088612515,1.2593782050191429,1.0,0.0029987391,1.268463661593554,0.2113965900307212,0.0316178067318132,0.2116447397919833,0.299140105038197,"fresh fruits, breakfast bakery",fresh vegetables,"fresh fruits, breakfast bakery → fresh vegetables"
"frozenset({'breakfast bakery', 'fresh vegetables'})",frozenset({'fresh fruits'}),0.01846,0.57912,0.01456,0.7887323943661971,1.3619498452241283,1.0,0.0038694448,1.992165333333333,0.2707567408649382,0.0249734142911049,0.4980336304081856,0.4069369942545173,"breakfast bakery, fresh vegetables",fresh fruits,"breakfast bakery, fresh vegetables → fresh fruits"
frozenset({'breakfast bakery'}),"frozenset({'fresh fruits', 'fresh vegetables'})",0.03911,0.32152,0.01456,0.3722833035029404,1.1578853679489316,1.0,0.0019853528,1.080869767820774,0.1419066161076173,0.0420724130956165,0.0748191597437514,0.2087841001217115,breakfast bakery,"fresh fruits, fresh vegetables","breakfast bakery → fresh fruits, fresh vegetables"
"frozenset({'fresh fruits', 'breakfast bakery'})",frozenset({'packaged vegetables fruits'}),0.02573,0.3423,0.01273,0.4947532063738826,1.4453789260119272,1.0,0.003922621,1.301740076923077,0.316277731773005,0.0358288770053476,0.2317974857440819,0.2659714030700847,"fresh fruits, breakfast bakery",packaged vegetables fruits,"fresh fruits, breakfast bakery → packaged vegetables fruits"
"frozenset({'packaged vegetables fruits', 'breakfast bakery'})",frozenset({'fresh fruits'}),0.01525,0.57912,0.01273,0.8347540983606557,1.441418183382815,1.0,0.00389842,2.5469920634920635,0.3109812703428782,0.0218863902070008,0.6073800094104157,0.4283678628286218,"packaged vegetables fruits, breakfast bakery",fresh fruits,"packaged vegetables fruits, breakfast bakery → fresh fruits"
frozenset({'breakfast bakery'}),"frozenset({'fresh fruits', 'packaged vegetables fruits'})",0.03911,0.2571,0.01273,0.3254922014829967,1.266014008101893,1.0,0.002674819,1.1013957164518573,0.2186715695141787,0.0449061662198391,0.0920611138551577,0.1875030046699308,breakfast bakery,"fresh fruits, packaged vegetables fruits","breakfast bakery → fresh fruits, packaged vegetables fruits"
"frozenset({'packaged vegetables fruits', 'breakfast bakery'})",frozenset({'fresh vegetables'}),0.01525,0.44933,0.01005,0.659016393442623,1.4666645749062448,1.0,0.0031977175,1.6149456730769232,0.323108246530738,0.02211075176556,0.3807841237812537,0.3406915141049716,"packaged vegetables fruits, breakfast bakery",fresh vegetables,"packaged vegetables fruits, breakfast bakery → fresh vegetables"
"frozenset({'breakfast bakery', 'fresh vegetables'})",frozenset({'packaged vegetables fruits'}),0.01846,0.3423,0.01005,0.5444203683640303,1.5904772666200129,1.0,0.003731142,1.4436554102259214,0.3782402250012849,0.0286561546576943,0.3073139248350772,0.2868902893529179,"breakfast bakery, fresh vegetables",packaged vegetables fruits,"breakfast bakery, fresh vegetables → packaged vegetables fruits"
"frozenset({'fresh fruits', 'butter'})",frozenset({'fresh vegetables'}),0.04033,0.44933,0.02825,0.7004711133151501,1.558923537967975,1.0,0.0101285211,1.8384537334437088,0.3735989666801946,0.0612253743958735,0.4560646363795923,0.3816712498006993,"fresh fruits, butter",fresh vegetables,"fresh fruits, butter → fresh vegetables"
"frozenset({'fresh vegetables', 'butter'})",frozenset({'fresh fruits'}),0.03632,0.57912,0.02825,0.7778083700440529,1.3430867005871892,1.0,0.0072163616,1.894220768277572,0.2650739128326665,0.0481104923448968,0.4720784310113403,0.4132946395046898,"fresh vegetables, butter",fresh fruits,"fresh vegetables, butter → fresh fruits"
frozenset({'butter'}),"frozenset({'fresh fruits', 'fresh vegetables'})",0.05954,0.32152,0.02825,0.4744709439032583,1.4757120673776385,1.0,0.0091066992,1.29104184084372,0.3427695315359703,0.0800714265468666,0.2254317649794515,0.2811674201974614,butter,"fresh fruits, fresh vegetables","butter → fresh fruits, fresh vegetables"
"frozenset({'fresh fruits', 'butter'})",frozenset({'milk'}),0.04033,0.23003,0.0158,0.3917679147036946,1.7031166139359848,1.0,0.0065228901,1.265914802282919,0.4301907380345539,0.0620678818353237,0.2100574239304058,0.2302273038718664,"fresh fruits, butter",milk,"fresh fruits, butter → milk"
"frozenset({'butter', 'milk'})",frozenset({'fresh fruits'}),0.02079,0.57912,0.0158,0.7599807599807601,1.312302735151195,1.0,0.0037600952,1.7535260921843696,0.2430333726787508,0.0270496995428943,0.4297204903553509,0.3936317669222767,"butter, milk",fresh fruits,"butter, milk → fresh fruits"
"frozenset({'fresh fruits', 'butter'})",frozenset({'packaged cheese'}),0.04033,0.16892,0.01343,0.3330027274981403,1.9713635300623984,1.0,0.0066174564,1.2460020966542753,0.5134440876188197,0.0685833929118578,0.1974331321872026,0.2062539093327784,"fresh fruits, butter",packaged cheese,"fresh fruits, butter → packaged cheese"
"frozenset({'packaged cheese', 'butter'})",frozenset({'fresh fruits'}),0.0171,0.57912,0.01343,0.7853801169590643,1.356161273931248,1.0,0.0035270479999999,1.9610485013623975,0.2671935821081067,0.0230443212821084,0.4900687059472161,0.4042852373716443,"packaged cheese, butter",fresh fruits,"packaged cheese, butter → fresh fruits"
"frozenset({'fresh fruits', 'butter'})",frozenset({'packaged vegetables fruits'}),0.04033,0.3423,0.02093,0.518968509794198,1.5161218515752204,1.0,0.007125041,1.3672701546391757,0.3547286129885856,0.0578656345037323,0.2686156451181359,0.2900568520341133,"fresh fruits, butter",packaged vegetables fruits,"fresh fruits, butter → packaged vegetables fruits"
"frozenset({'packaged vegetables fruits', 'butter'})",frozenset({'fresh fruits'}),0.02555,0.57912,0.02093,0.8191780821917809,1.414522175355334,1.0,0.006133484,2.3275939393939407,0.3007311731118026,0.0358550039401103,0.5703717976425131,0.4276595618860548,"packaged vegetables fruits, butter",fresh fruits,"packaged vegetables fruits, butter → fresh fruits"
frozenset({'butter'}),"frozenset({'fresh fruits', 'packaged vegetables fruits'})",0.05954,0.2571,0.02093,0.3515283842794759,1.367282708204885,1.0,0.005622266,1.145616835016835,0.2856286926062216,0.0707788035575394,0.1271077995416287,0.2164681983629974,butter,"fresh fruits, packaged vegetables fruits","butter → fresh fruits, packaged vegetables fruits"
"frozenset({'fresh fruits', 'butter'})",frozenset({'yogurt'}),0.04033,0.20368,0.0126,0.3124225142573766,1.5338890134395948,1.0,0.0043855856,1.1581531049404978,0.3626896216473884,0.0544488137936994,0.136556301810047,0.1871421290846977,"fresh fruits, butter",yogurt,"fresh fruits, butter → yogurt"
"frozenset({'yogurt', 'butter'})",frozenset({'fresh fruits'}),0.0156,0.57912,0.0126,0.8076923076923077,1.3946890241958625,1.0,0.003565728,2.1885760000000003,0.2874789574505138,0.0216450216450216,0.5430818943459127,0.4147247282348816,"yogurt, butter",fresh fruits,"yogurt, butter → fresh fruits"
"frozenset({'butter', 'milk'})",frozenset({'fresh vegetables'}),0.02079,0.44933,0.01349,0.6488696488696489,1.4440826316285331,1.0,0.0041484293,1.56827798630137,0.3140479069870011,0.0295425180123951,0.3623579437224634,0.339446063390603,"butter, milk",fresh vegetables,"butter, milk → fresh vegetables"
"frozenset({'fresh vegetables', 'butter'})",frozenset({'milk'}),0.03632,0.23003,0.01349,0.371420704845815,1.6146620216746297,1.0,0.0051353104,1.2249369426193606,0.3950225642327096,0.0533496796646365,0.1836314464794927,0.2150326147365187,"fresh vegetables, butter",milk,"fresh vegetables, butter → milk"
"frozenset({'packaged cheese', 'butter'})",frozenset({'fresh vegetables'}),0.0171,0.44933,0.01229,0.7187134502923976,1.5995225119453356,1.0,0.004606457,1.957683367983368,0.3813342410715505,0.0270621394283701,0.4891921664379712,0.3730326426233314,"packaged cheese, butter",fresh vegetables,"packaged cheese, butter → fresh vegetables"
"frozenset({'fresh vegetables', 'butter'})",frozenset({'packaged cheese'}),0.03632,0.16892,0.01229,0.3383810572687225,2.0032030385313906,1.0,0.0061548256,1.2561309030378691,0.519674040398705,0.0636952578388183,0.2039046268334245,0.2055686958140913,"fresh vegetables, butter",packaged cheese,"fresh vegetables, butter → packaged cheese"
"frozenset({'packaged vegetables fruits', 'butter'})",frozenset({'fresh vegetables'}),0.02555,0.44933,0.0189,0.7397260273972602,1.6462867544950486,1.0,0.0074196185,2.1157321052631577,0.4028656241032454,0.0414491863678231,0.527350368455264,0.3908943269873043,"packaged vegetables fruits, butter",fresh vegetables,"packaged vegetables fruits, butter → fresh vegetables"
"frozenset({'fresh vegetables', 'butter'})",frozenset({'packaged vegetables fruits'}),0.03632,0.3423,0.0189,0.5203744493392071,1.5202291829950545,1.0,0.006467664,1.3712780711825487,0.3551017396277234,0.0525408651173134,0.2707533059741631,0.2877945866327937,"fresh vegetables, butter",packaged vegetables fruits,"fresh vegetables, butter → packaged vegetables fruits"
frozenset({'butter'}),"frozenset({'packaged vegetables fruits', 'fresh vegetables'})",0.05954,0.21588,0.0189,0.3174336580450117,1.4704171671531023,1.0,0.0060465048,1.1487821062992123,0.3401749025890403,0.073678465616716,0.1295129036946025,0.2024911480886537,butter,"packaged vegetables fruits, fresh vegetables","butter → packaged vegetables fruits, fresh vegetables"
"frozenset({'yogurt', 'butter'})",frozenset({'fresh vegetables'}),0.0156,0.44933,0.01103,0.7070512820512821,1.5735679390454278,1.0,0.004020452,1.879748796498906,0.3702778761185831,0.0243005067195417,0.4680140230106635,0.3657994709501954,"yogurt, butter",fresh vegetables,"yogurt, butter → fresh vegetables"
"frozenset({'fresh vegetables', 'butter'})",frozenset({'yogurt'}),0.03632,0.20368,0.01103,0.3036894273127753,1.4910125064452833,1.0,0.0036323424,1.143627615658363,0.3417263138627405,0.0481722496396907,0.1255894958217492,0.178921500773434,"fresh vegetables, butter",yogurt,"fresh vegetables, butter → yogurt"
"frozenset({'butter', 'milk'})",frozenset({'packaged vegetables fruits'}),0.02079,0.3423,0.01002,0.4819624819624819,1.4080119251021967,1.0,0.0029035829999999,1.2695991643454037,0.2959311511473228,0.0283796414308777,0.2123498281320996,0.2556175249426783,"butter, milk",packaged vegetables fruits,"butter, milk → packaged vegetables fruits"
"frozenset({'packaged vegetables fruits', 'butter'})",frozenset({'milk'}),0.02555,0.23003,0.01002,0.3921722113502935,1.704874196193077,1.0,0.0041427334999999,1.266756825499034,0.4242869896719465,0.0408046913178042,0.2105825049681071,0.2178658735315133,"packaged vegetables fruits, butter",milk,"packaged vegetables fruits, butter → milk"
"frozenset({'fresh fruits', 'canned jarred vegetables'})",frozenset({'fresh vegetables'}),0.0345,0.44933,0.02916,0.8452173913043477,1.881061561223038,1.0,0.0136581149999999,3.557699438202244,0.4851219969609979,0.0641344271669562,0.7189194822749517,0.4550570075832713,"fresh fruits, canned jarred vegetables",fresh vegetables,"fresh fruits, canned jarred vegetables → fresh vegetables"
"frozenset({'canned jarred vegetables', 'fresh vegetables'})",frozenset({'fresh fruits'}),0.03803,0.57912,0.02916,0.7667630817775439,1.3240141624836717,1.0,0.0071360663999999,1.8045170687711376,0.2543957399491124,0.0495926801476215,0.44583511161743,0.408557670188399,"canned jarred vegetables, fresh vegetables",fresh fruits,"canned jarred vegetables, fresh vegetables → fresh fruits"
frozenset({'canned jarred vegetables'}),"frozenset({'fresh fruits', 'fresh vegetables'})",0.04878,0.32152,0.02916,0.5977859778597786,1.859249744525313,1.0,0.0134762544,1.686863119266055,0.4858483231800307,0.085478102831682,0.4071836721197067,0.3442400901988617,canned jarred vegetables,"fresh fruits, fresh vegetables","canned jarred vegetables → fresh fruits, fresh vegetables"
"frozenset({'fresh fruits', 'canned jarred vegetables'})",frozenset({'milk'}),0.0345,0.23003,0.01062,0.3078260869565217,1.3381997433227044,1.0,0.0026839649999999,1.1123938442211054,0.2617580539926912,0.0418258438029222,0.1010378157025879,0.1769969890505775,"fresh fruits, canned jarred vegetables",milk,"fresh fruits, canned jarred vegetables → milk"
"frozenset({'canned jarred vegetables', 'milk'})",frozenset({'fresh fruits'}),0.01325,0.57912,0.01062,0.8015094339622642,1.384012698511991,1.0,0.00294666,2.1204030418250954,0.2811890315035806,0.0182552642887838,0.528391546194317,0.409923801108774,"canned jarred vegetables, milk",fresh fruits,"canned jarred vegetables, milk → fresh fruits"
"frozenset({'fresh fruits', 'canned jarred vegetables'})",frozenset({'packaged cheese'}),0.0345,0.16892,0.01166,0.3379710144927536,2.000775600833256,1.0,0.00583226,1.2553528896672503,0.5180671414219385,0.060805173133083,0.2034112413880175,0.2034988863607504,"fresh fruits, canned jarred vegetables",packaged cheese,"fresh fruits, canned jarred vegetables → packaged cheese"
"frozenset({'canned jarred vegetables', 'packaged cheese'})",frozenset({'fresh fruits'}),0.01439,0.57912,0.01166,0.8102849200833913,1.3991658379669003,1.0,0.0033264632,2.218484688644689,0.2894536775276852,0.0200395290882529,0.5492418743665446,0.4152094582458674,"canned jarred vegetables, packaged cheese",fresh fruits,"canned jarred vegetables, packaged cheese → fresh fruits"
"frozenset({'fresh fruits', 'canned jarred vegetables'})",frozenset({'packaged vegetables fruits'}),0.0345,0.3423,0.01942,0.5628985507246377,1.6444596866042585,1.0,0.0076106499999999,1.5046850132625993,0.4059011168527375,0.0543399182942526,0.3354090781885931,0.3098162049562423,"fresh fruits, canned jarred vegetables",packaged vegetables fruits,"fresh fruits, canned jarred vegetables → packaged vegetables fruits"
"frozenset({'canned jarred vegetables', 'packaged vegetables fruits'})",frozenset({'fresh fruits'}),0.02391,0.57912,0.01942,0.8122124634044332,1.402494238507448,1.0,0.0055732408,2.241256302895322,0.2940144794054684,0.0332756464077037,0.5538216674691913,0.4228730503235731,"canned jarred vegetables, packaged vegetables fruits",fresh fruits,"canned jarred vegetables, packaged vegetables fruits → fresh fruits"
frozenset({'canned jarred vegetables'}),"frozenset({'fresh fruits', 'packaged vegetables fruits'})",0.04878,0.2571,0.01942,0.3981139811398114,1.5484791176188697,1.0,0.006878662,1.2342868528610351,0.3723692167363758,0.0677930601131047,0.1898155621750052,0.2368243962486299,canned jarred vegetables,"fresh fruits, packaged vegetables fruits","canned jarred vegetables → fresh fruits, packaged vegetables fruits"
"frozenset({'fresh fruits', 'canned jarred vegetables'})",frozenset({'yogurt'}),0.0345,0.20368,0.01079,0.3127536231884057,1.5355146464473968,1.0,0.0037630399999999,1.1587110923660904,0.3612144470804381,0.0474515150182505,0.1369721006484902,0.1828644392454204,"fresh fruits, canned jarred vegetables",yogurt,"fresh fruits, canned jarred vegetables → yogurt"
"frozenset({'yogurt', 'canned jarred vegetables'})",frozenset({'fresh fruits'}),0.01318,0.57912,0.01079,0.8186646433990894,1.4136355908949605,1.0,0.0031571983999999,2.32100351464435,0.2965121449922208,0.0185551409262093,0.5691518803437783,0.4186481802435425,"yogurt, canned jarred vegetables",fresh fruits,"yogurt, canned jarred vegetables → fresh fruits"
"frozenset({'canned jarred vegetables', 'fresh herbs'})",frozenset({'fresh vegetables'}),0.01212,0.44933,0.01114,0.9191419141914192,2.04558323323931,1.0,0.0056941204,6.810326938775507,0.5174129116344313,0.0247385134684994,0.8531641712666735,0.4719671914891398,"canned jarred vegetables, fresh herbs",fresh vegetables,"canned jarred vegetables, fresh herbs → fresh vegetables"
"frozenset({'canned jarred vegetables', 'milk'})",frozenset({'fresh vegetables'}),0.01325,0.44933,0.01079,0.8143396226415094,1.8123419817094548,1.0,0.0048363774999999,2.966007113821137,0.4542465236205487,0.023882777396578,0.662846391925308,0.4191765769495798,"canned jarred vegetables, milk",fresh vegetables,"canned jarred vegetables, milk → fresh vegetables"
"frozenset({'canned jarred vegetables', 'packaged cheese'})",frozenset({'fresh vegetables'}),0.01439,0.44933,0.01222,0.8492008339124392,1.8899268553456017,1.0,0.0057541413,3.651678018433179,0.477753871666638,0.0270653377630121,0.7261532931019289,0.4381984406804312,"canned jarred vegetables, packaged cheese",fresh vegetables,"canned jarred vegetables, packaged cheese → fresh vegetables"
"frozenset({'canned jarred vegetables', 'fresh vegetables'})",frozenset({'packaged cheese'}),0.03803,0.16892,0.01222,0.3213252695240599,1.9022334212885388,1.0,0.0057959724,1.2245630530802014,0.4930529646379811,0.0627535562060288,0.1833821888675698,0.1968336032678315,"canned jarred vegetables, fresh vegetables",packaged cheese,"canned jarred vegetables, fresh vegetables → packaged cheese"
"frozenset({'canned jarred vegetables', 'packaged vegetables fruits'})",frozenset({'fresh vegetables'}),0.02391,0.44933,0.02042,0.8540359682141363,1.900687619820925,1.0,0.0096765197,3.7726417478510017,0.4854825047091431,0.0450951813082461,0.7349337501845684,0.4497407046020273,"canned jarred vegetables, packaged vegetables fruits",fresh vegetables,"canned jarred vegetables, packaged vegetables fruits → fresh vegetables"
"frozenset({'canned jarred vegetables', 'fresh vegetables'})",frozenset({'packaged vegetables fruits'}),0.03803,0.3423,0.02042,0.5369445174861951,1.568637211470041,1.0,0.007402331,1.4203481544576944,0.3768350018184708,0.0567364063238031,0.2959472669700397,0.2982998953192003,"canned jarred vegetables, fresh vegetables",packaged vegetables fruits,"canned jarred vegetables, fresh vegetables → packaged vegetables fruits"
frozenset({'canned jarred vegetables'}),"frozenset({'packaged vegetables fruits', 'fresh vegetables'})",0.04878,0.21588,0.02042,0.4186141861418614,1.9391059206126624,1.0,0.0098893736,1.348708519040903,0.509133968293638,0.0836062888961677,0.2585499491683179,0.2566018864746736,canned jarred vegetables,"packaged vegetables fruits, fresh vegetables","canned jarred vegetables → packaged vegetables fruits, fresh vegetables"
"frozenset({'yogurt', 'canned jarred vegetables'})",frozenset({'fresh vegetables'}),0.01318,0.44933,0.01106,0.8391502276176024,1.867558871247418,1.0,0.0051378306,3.423504999999999,0.4707460788893823,0.0244988370805183,0.7079016972371881,0.4318823267703217,"yogurt, canned jarred vegetables",fresh vegetables,"yogurt, canned jarred vegetables → fresh vegetables"
"frozenset({'fresh fruits', 'canned meals beans'})",frozenset({'fresh vegetables'}),0.0357,0.44933,0.02846,0.7971988795518207,1.7741946443634316,1.0,0.0124189189999999,2.7153203038674025,0.4525189096128847,0.0623343627483189,0.6317193229190271,0.4302688141777976,"fresh fruits, canned meals beans",fresh vegetables,"fresh fruits, canned meals beans → fresh vegetables"
"frozenset({'fresh vegetables', 'canned meals beans'})",frozenset({'fresh fruits'}),0.03524,0.57912,0.02846,0.8076049943246311,1.394538255153735,1.0,0.0080518112,2.1875827728613566,0.2932509301720968,0.0485748421232292,0.5428744400414158,0.4283742612181243,"fresh vegetables, canned meals beans",fresh fruits,"fresh vegetables, canned meals beans → fresh fruits"
frozenset({'canned meals beans'}),"frozenset({'fresh fruits', 'fresh vegetables'})",0.04729,0.32152,0.02846,0.6018185662930852,1.8717920076296504,1.0,0.0132553192,1.7039468507700477,0.4888713324809807,0.0836198031438225,0.4131272348382933,0.3451678051669457,canned meals beans,"fresh fruits, fresh vegetables","canned meals beans → fresh fruits, fresh vegetables"
"frozenset({'fresh fruits', 'canned meals beans'})",frozenset({'milk'}),0.0357,0.23003,0.01077,0.3016806722689075,1.3114840336865083,1.0,0.0025579289999999,1.1026044524669074,0.2462978470679005,0.0422419203012237,0.0930564467042969,0.1742503261357579,"fresh fruits, canned meals beans",milk,"fresh fruits, canned meals beans → milk"
"frozenset({'canned meals beans', 'milk'})",frozenset({'fresh fruits'}),0.01298,0.57912,0.01077,0.8297380585516179,1.432756697319412,1.0,0.0032530224,2.4719558371040726,0.3060168903227401,0.0185264823766191,0.5954620284917741,0.4241676202414119,"canned meals beans, milk",fresh fruits,"canned meals beans, milk → fresh fruits"
"frozenset({'fresh fruits', 'canned meals beans'})",frozenset({'packaged cheese'}),0.0357,0.16892,0.01117,0.3128851540616246,1.8522682575279696,1.0,0.0051395559999999,1.209521239298818,0.4771558608296488,0.057741018350995,0.1732265895721526,0.1895055654276865,"fresh fruits, canned meals beans",packaged cheese,"fresh fruits, canned meals beans → packaged cheese"
"frozenset({'packaged cheese', 'canned meals beans'})",frozenset({'fresh fruits'}),0.01346,0.57912,0.01117,0.8298662704309063,1.432978088187088,1.0,0.0033750448,2.4738186899563317,0.3062750857518021,0.0192119158597203,0.5957666566026096,0.4245770777489522,"packaged cheese, canned meals beans",fresh fruits,"packaged cheese, canned meals beans → fresh fruits"
"frozenset({'fresh fruits', 'canned meals beans'})",frozenset({'packaged vegetables fruits'}),0.0357,0.3423,0.02071,0.5801120448179271,1.6947474286238011,1.0,0.0084898899999999,1.5663702468312204,0.4251182973335923,0.0579641187830613,0.3615813361987641,0.3203072640098984,"fresh fruits, canned meals beans",packaged vegetables fruits,"fresh fruits, canned meals beans → packaged vegetables fruits"
"frozenset({'packaged vegetables fruits', 'canned meals beans'})",frozenset({'fresh fruits'}),0.02454,0.57912,0.02071,0.8439282803585982,1.4572597740685838,1.0,0.0064983952,2.696708929503917,0.3216744412469149,0.0355262029333562,0.6291776286794294,0.4398447176071206,"packaged vegetables fruits, canned meals beans",fresh fruits,"packaged vegetables fruits, canned meals beans → fresh fruits"
frozenset({'canned meals beans'}),"frozenset({'fresh fruits', 'packaged vegetables fruits'})",0.04729,0.2571,0.02071,0.4379361387185451,1.7033688787185732,1.0,0.008551741,1.321735929270128,0.4334247592299932,0.0730047941342357,0.2434192202430275,0.2592442264965732,canned meals beans,"fresh fruits, packaged vegetables fruits","canned meals beans → fresh fruits, packaged vegetables fruits"
"frozenset({'fresh fruits', 'canned meals beans'})",frozenset({'yogurt'}),0.0357,0.20368,0.01149,0.3218487394957983,1.5801685953250113,1.0,0.004218624,1.1742513011152416,0.3807488704451259,0.0504190618280749,0.1483935346290414,0.1891303791744506,"fresh fruits, canned meals beans",yogurt,"fresh fruits, canned meals beans → yogurt"
"frozenset({'yogurt', 'canned meals beans'})",frozenset({'fresh fruits'}),0.01372,0.57912,0.01149,0.837463556851312,1.4460967620723029,1.0,0.0035444736,2.5894500448430504,0.3127746096813821,0.0197643416186462,0.6138176127430908,0.428652002213472,"yogurt, canned meals beans",fresh fruits,"yogurt, canned meals beans → fresh fruits"
"frozenset({'packaged cheese', 'canned meals beans'})",frozenset({'fresh vegetables'}),0.01346,0.44933,0.01079,0.8016344725111441,1.7840662152786235,1.0,0.0047420181999999,2.7760367790262164,0.4454788327627587,0.0238716814159292,0.6397742250551947,0.4128240018843971,"packaged cheese, canned meals beans",fresh vegetables,"packaged cheese, canned meals beans → fresh vegetables"
"frozenset({'fresh vegetables', 'canned meals beans'})",frozenset({'packaged cheese'}),0.03524,0.16892,0.01079,0.3061861520998865,1.8126104197246415,1.0,0.0048372591999999,1.1978429120654397,0.464684970078658,0.0557997621140818,0.1651659913605025,0.1850312716454914,"fresh vegetables, canned meals beans",packaged cheese,"fresh vegetables, canned meals beans → packaged cheese"
"frozenset({'packaged vegetables fruits', 'canned meals beans'})",frozenset({'fresh vegetables'}),0.02454,0.44933,0.02041,0.8317033414832926,1.8509855595737932,1.0,0.0093834418,3.2720198062954,0.4713132993106995,0.0450094826445552,0.6943783781271771,0.4385632635576167,"packaged vegetables fruits, canned meals beans",fresh vegetables,"packaged vegetables fruits, canned meals beans → fresh vegetables"
"frozenset({'fresh vegetables', 'canned meals beans'})",frozenset({'packaged vegetables fruits'}),0.03524,0.3423,0.02041,0.5791713961407492,1.691999404442738,1.0,0.008347348,1.562869049224545,0.4239222640947845,0.0571500574020664,0.3601511268674915,0.3193987275766556,"fresh vegetables, canned meals beans",packaged vegetables fruits,"fresh vegetables, canned meals beans → packaged vegetables fruits"
frozenset({'canned meals beans'}),"frozenset({'packaged vegetables fruits', 'fresh vegetables'})",0.04729,0.21588,0.02041,0.4315923028124339,1.9992231925719564,1.0,0.0102010348,1.3795027827380957,0.5246147544215537,0.0840748063931454,0.2751011360664617,0.2630677837945809,canned meals beans,"packaged vegetables fruits, fresh vegetables","canned meals beans → packaged vegetables fruits, fresh vegetables"
"frozenset({'yogurt', 'canned meals beans'})",frozenset({'fresh vegetables'}),0.01372,0.44933,0.01079,0.7864431486880467,1.75025738029521,1.0,0.0046251923999999,2.5785639590443687,0.4346184235289262,0.0238579578118781,0.6121872422468023,0.4052283399728484,"yogurt, canned meals beans",fresh vegetables,"yogurt, canned meals beans → fresh vegetables"
"frozenset({'fresh vegetables', 'canned meals beans'})",frozenset({'yogurt'}),0.03524,0.20368,0.01079,0.3061861520998865,1.5032705817944152,1.0,0.0036123167999999,1.147743018404908,0.3470124826312044,0.0472975934774032,0.1287248243167149,0.1795807037011608,"fresh vegetables, canned meals beans",yogurt,"fresh vegetables, canned meals beans → yogurt"
"frozenset({'fresh fruits', 'cereal'})",frozenset({'fresh vegetables'}),0.03208,0.44933,0.01731,0.5395885286783042,1.200873586625207,1.0,0.0028954936,1.1960388354773188,0.1728168471844238,0.0372979961215255,0.1639067475589812,0.2890562766686204,"fresh fruits, cereal",fresh vegetables,"fresh fruits, cereal → fresh vegetables"
"frozenset({'fresh vegetables', 'cereal'})",frozenset({'fresh fruits'}),0.02124,0.57912,0.01731,0.8149717514124294,1.40725886070664,1.0,0.0050094912,2.2746796946564887,0.2956789027364091,0.0296887059428865,0.560377664446943,0.4224309648069192,"fresh vegetables, cereal",fresh fruits,"fresh vegetables, cereal → fresh fruits"
frozenset({'cereal'}),"frozenset({'fresh fruits', 'fresh vegetables'})",0.04812,0.32152,0.01731,0.3597256857855361,1.118828333495696,1.0,0.0018384575999999,1.0596708081791624,0.1115769147604568,0.0491300769165271,0.056310703020776,0.2067818525966745,cereal,"fresh fruits, fresh vegetables","cereal → fresh fruits, fresh vegetables"
"frozenset({'fresh fruits', 'cereal'})",frozenset({'milk'}),0.03208,0.23003,0.01356,0.4226932668329177,1.8375571309521264,1.0,0.0061806375999999,1.3337277321814256,0.4709058941217746,0.0545564272782136,0.2502217837486105,0.2408210497969309,"fresh fruits, cereal",milk,"fresh fruits, cereal → milk"
"frozenset({'milk', 'cereal'})",frozenset({'fresh fruits'}),0.01837,0.57912,0.01356,0.738160043549265,1.274623641990028,1.0,0.0029215655999999,1.607394095634095,0.2194866602136106,0.0232219615364855,0.3778750321927034,0.3807874399263109,"milk, cereal",fresh fruits,"milk, cereal → fresh fruits"
"frozenset({'fresh fruits', 'cereal'})",frozenset({'packaged vegetables fruits'}),0.03208,0.3423,0.01573,0.4903366583541148,1.4324763609527162,1.0,0.004749016,1.2904596941896025,0.3119144153339317,0.0438589153771086,0.2250823450723959,0.2681452500067389,"fresh fruits, cereal",packaged vegetables fruits,"fresh fruits, cereal → packaged vegetables fruits"
"frozenset({'packaged vegetables fruits', 'cereal'})",frozenset({'fresh fruits'}),0.01888,0.57912,0.01573,0.833156779661017,1.4386600007960648,1.0,0.0047962144,2.522607746031747,0.3107761893565131,0.0270149586961375,0.6035848214717188,0.4301593402380233,"packaged vegetables fruits, cereal",fresh fruits,"packaged vegetables fruits, cereal → fresh fruits"
frozenset({'cereal'}),"frozenset({'fresh fruits', 'packaged vegetables fruits'})",0.04812,0.2571,0.01573,0.3268911055694098,1.271455097508401,1.0,0.003358348,1.103684717505403,0.2242925106005632,0.0543369373726208,0.0939441453350515,0.194036762430757,cereal,"fresh fruits, packaged vegetables fruits","cereal → fresh fruits, packaged vegetables fruits"
"frozenset({'fresh fruits', 'cereal'})",frozenset({'yogurt'}),0.03208,0.20368,0.01176,0.3665835411471322,1.799801360698803,1.0,0.0052259456,1.2571823622047245,0.459111423724792,0.0525,0.2045704505062439,0.2121605843991749,"fresh fruits, cereal",yogurt,"fresh fruits, cereal → yogurt"
"frozenset({'yogurt', 'cereal'})",frozenset({'fresh fruits'}),0.01479,0.57912,0.01176,0.795131845841785,1.3730001482279752,1.0,0.0031948152,2.0543944554455447,0.2757462461644457,0.0202009791290904,0.51323856168453,0.4077192590170383,"yogurt, cereal",fresh fruits,"yogurt, cereal → fresh fruits"
"frozenset({'packaged vegetables fruits', 'cereal'})",frozenset({'fresh vegetables'}),0.01888,0.44933,0.01179,0.6244703389830508,1.3897810940356772,1.0,0.0033066495999999,1.4663821720733423,0.2858592447633543,0.0258314710135401,0.3180495378049481,0.3253547030192222,"packaged vegetables fruits, cereal",fresh vegetables,"packaged vegetables fruits, cereal → fresh vegetables"
"frozenset({'fresh vegetables', 'cereal'})",frozenset({'packaged vegetables fruits'}),0.02124,0.3423,0.01179,0.5550847457627119,1.621632327673713,1.0,0.004519548,1.4782590476190478,0.3916561818833552,0.0335181236673774,0.3235285780184156,0.2947641082012508,"fresh vegetables, cereal",packaged vegetables fruits,"fresh vegetables, cereal → packaged vegetables fruits"
"frozenset({'chips pretzels', 'eggs'})",frozenset({'fresh fruits'}),0.01358,0.57912,0.0109,0.8026509572901326,1.3859838328673375,1.0,0.0030355504,2.132668059701493,0.2823248336259616,0.0187349604675146,0.531103776112271,0.4107363088702355,"chips pretzels, eggs",fresh fruits,"chips pretzels, eggs → fresh fruits"
"frozenset({'chips pretzels', 'fresh dips tapenades'})",frozenset({'fresh fruits'}),0.01645,0.57912,0.01256,0.7635258358662614,1.3184242227280385,1.0,0.003033476,1.7798138817480724,0.2455582225701969,0.0215433697535205,0.4381434990169679,0.3926069571650688,"chips pretzels, fresh dips tapenades",fresh fruits,"chips pretzels, fresh dips tapenades → fresh fruits"
"frozenset({'fresh fruits', 'chips pretzels'})",frozenset({'fresh vegetables'}),0.064,0.44933,0.03812,0.595625,1.325584759530857,1.0,0.00936288,1.3617805255023183,0.2624102025990798,0.0802171671471559,0.265667278043111,0.3402312123049874,"fresh fruits, chips pretzels",fresh vegetables,"fresh fruits, chips pretzels → fresh vegetables"
"frozenset({'fresh vegetables', 'chips pretzels'})",frozenset({'fresh fruits'}),0.04791,0.57912,0.03812,0.7956585264036735,1.3739095980171183,1.0,0.0103743608,2.059689560776302,0.2858449027426568,0.0647297549710482,0.5144899410845694,0.4307412676223368,"fresh vegetables, chips pretzels",fresh fruits,"fresh vegetables, chips pretzels → fresh fruits"
frozenset({'chips pretzels'}),"frozenset({'fresh fruits', 'fresh vegetables'})",0.09754,0.32152,0.03812,0.3908140250153783,1.2155201076616644,1.0,0.0067589392,1.1137485560417368,0.1964706518982195,0.1000682522181971,0.1021312713939664,0.2546879281583485,chips pretzels,"fresh fruits, fresh vegetables","chips pretzels → fresh fruits, fresh vegetables"
"frozenset({'chips pretzels', 'lunch meat'})",frozenset({'fresh fruits'}),0.01254,0.57912,0.01023,0.8157894736842104,1.408670869049956,1.0,0.0029678351999999,2.2847771428571413,0.29379515903625,0.0175945513647386,0.5623205514260844,0.4167271031910484,"chips pretzels, lunch meat",fresh fruits,"chips pretzels, lunch meat → fresh fruits"
"frozenset({'fresh fruits', 'chips pretzels'})",frozenset({'milk'}),0.064,0.23003,0.02077,0.32453125,1.4108214145980955,1.0,0.0060480799999999,1.1399046958130927,0.3111037039780419,0.0760081973212325,0.1227336779355039,0.207411910267139,"fresh fruits, chips pretzels",milk,"fresh fruits, chips pretzels → milk"
"frozenset({'chips pretzels', 'milk'})",frozenset({'fresh fruits'}),0.02676,0.57912,0.02077,0.7761584454409567,1.3402376803442408,1.0,0.0052727488,1.88025856427379,0.260843869972006,0.0354975987421168,0.4681582528059226,0.4060116028834842,"chips pretzels, milk",fresh fruits,"chips pretzels, milk → fresh fruits"
"frozenset({'packaged cheese', 'chips pretzels'})",frozenset({'fresh fruits'}),0.02428,0.57912,0.01875,0.7722405271828665,1.3334723842776397,1.0,0.0046889664,1.847914358047016,0.2563012011642685,0.0320704695116736,0.4588493803052331,0.4023086183365638,"packaged cheese, chips pretzels",fresh fruits,"packaged cheese, chips pretzels → fresh fruits"
"frozenset({'fresh fruits', 'chips pretzels'})",frozenset({'packaged vegetables fruits'}),0.064,0.3423,0.03228,0.504375,1.4734881682734444,1.0,0.0103728,1.3270113493064313,0.3433101388491723,0.0863055451580129,0.246426942374943,0.2993391213847502,"fresh fruits, chips pretzels",packaged vegetables fruits,"fresh fruits, chips pretzels → packaged vegetables fruits"
"frozenset({'packaged vegetables fruits', 'chips pretzels'})",frozenset({'fresh fruits'}),0.0393,0.57912,0.03228,0.8213740458015267,1.4183140727336765,1.0,0.009520584,2.3562085470085474,0.3070027547292615,0.0550721670590643,0.5755893504122951,0.4385568944299801,"packaged vegetables fruits, chips pretzels",fresh fruits,"packaged vegetables fruits, chips pretzels → fresh fruits"
frozenset({'chips pretzels'}),"frozenset({'fresh fruits', 'packaged vegetables fruits'})",0.09754,0.2571,0.03228,0.3309411523477548,1.287207904892084,1.0,0.007202466,1.1103657064051486,0.2472405659969319,0.1001364933614592,0.0993958168633124,0.2282477056954643,chips pretzels,"fresh fruits, packaged vegetables fruits","chips pretzels → fresh fruits, packaged vegetables fruits"
"frozenset({'soy lactosefree', 'chips pretzels'})",frozenset({'fresh fruits'}),0.01679,0.57912,0.01331,0.7927337701012508,1.3688592521433396,1.0,0.0035865752,2.0306250574712648,0.2740662760047738,0.022845863371095,0.5075407957167145,0.4078584584723687,"soy lactosefree, chips pretzels",fresh fruits,"soy lactosefree, chips pretzels → fresh fruits"
"frozenset({'water seltzer sparkling water', 'chips pretzels'})",frozenset({'fresh fruits'}),0.02097,0.57912,0.01486,0.7086313781592752,1.223634787538464,1.0,0.0027158536,1.4444932242225863,0.1866773150874237,0.025391726329819,0.3077156865597683,0.3671454998269784,"water seltzer sparkling water, chips pretzels",fresh fruits,"water seltzer sparkling water, chips pretzels → fresh fruits"
"frozenset({'fresh fruits', 'chips pretzels'})",frozenset({'yogurt'}),0.064,0.20368,0.02048,0.32,1.5710919088766693,1.0,0.00744448,1.171058823529412,0.3883547008547009,0.0828478964401294,0.1460719308820574,0.2102749410840534,"fresh fruits, chips pretzels",yogurt,"fresh fruits, chips pretzels → yogurt"
"frozenset({'yogurt', 'chips pretzels'})",frozenset({'fresh fruits'}),0.02572,0.57912,0.02048,0.7962674961119752,1.3749611412349343,1.0,0.0055850336,2.06584610687023,0.2799058984583488,0.0350468889041002,0.5159368373692625,0.4158157483322688,"yogurt, chips pretzels",fresh fruits,"yogurt, chips pretzels → fresh fruits"
"frozenset({'fresh vegetables', 'chips pretzels'})",frozenset({'milk'}),0.04791,0.23003,0.0152,0.3172615320392402,1.3792180673792125,1.0,0.0041792626999999,1.1277671262610822,0.2887872926099975,0.0578518687676029,0.1132921179256856,0.1916699348236891,"fresh vegetables, chips pretzels",milk,"fresh vegetables, chips pretzels → milk"
"frozenset({'chips pretzels', 'milk'})",frozenset({'fresh vegetables'}),0.02676,0.44933,0.0152,0.5680119581464873,1.2641309464012804,1.0,0.0031759292,1.2747343598615917,0.2146877548459946,0.0329796697693592,0.2155228324522623,0.3009200511360927,"chips pretzels, milk",fresh vegetables,"chips pretzels, milk → fresh vegetables"
"frozenset({'packaged cheese', 'chips pretzels'})",frozenset({'fresh vegetables'}),0.02428,0.44933,0.01499,0.6173805601317958,1.3740025374041256,1.0,0.0040802676,1.4392107212055976,0.2789727649368015,0.0326850115564083,0.3051747146781117,0.3253706708699839,"packaged cheese, chips pretzels",fresh vegetables,"packaged cheese, chips pretzels → fresh vegetables"
"frozenset({'fresh vegetables', 'chips pretzels'})",frozenset({'packaged cheese'}),0.04791,0.16892,0.01499,0.3128783135044876,1.852227761688892,1.0,0.0068970428,1.2095091980558932,0.4832627094728875,0.0742667459373761,0.173218358647167,0.2008092727835012,"fresh vegetables, chips pretzels",packaged cheese,"fresh vegetables, chips pretzels → packaged cheese"
"frozenset({'packaged vegetables fruits', 'chips pretzels'})",frozenset({'fresh vegetables'}),0.0393,0.44933,0.02614,0.6651399491094148,1.4802927672521635,1.0,0.0084813309999999,1.6444780395136778,0.3377307766772012,0.0565201409760211,0.3919043149425513,0.3616577274312124,"packaged vegetables fruits, chips pretzels",fresh vegetables,"packaged vegetables fruits, chips pretzels → fresh vegetables"
"frozenset({'fresh vegetables', 'chips pretzels'})",frozenset({'packaged vegetables fruits'}),0.04791,0.3423,0.02614,0.5456063452306408,1.593941995999535,1.0,0.009740407,1.447423380799265,0.391375393415282,0.0717993792402559,0.3091171434250278,0.3109860531294892,"fresh vegetables, chips pretzels",packaged vegetables fruits,"fresh vegetables, chips pretzels → packaged vegetables fruits"
"frozenset({'yogurt', 'chips pretzels'})",frozenset({'fresh vegetables'}),0.02572,0.44933,0.01519,0.5905909797822706,1.3143813673297366,1.0,0.0036332324,1.3450363152896485,0.2455000682058678,0.0330317922846083,0.2565256501757325,0.3121984342749957,"yogurt, chips pretzels",fresh vegetables,"yogurt, chips pretzels → fresh vegetables"
"frozenset({'fresh vegetables', 'chips pretzels'})",frozenset({'yogurt'}),0.04791,0.20368,0.01519,0.3170528073471091,1.5566221884677394,1.0,0.0054316912,1.1660052322738388,0.3755772641998351,0.0642554991539763,0.1423709153947021,0.1958152881982993,"fresh vegetables, chips pretzels",yogurt,"fresh vegetables, chips pretzels → yogurt"
"frozenset({'packaged vegetables fruits', 'chips pretzels'})",frozenset({'milk'}),0.0393,0.23003,0.01322,0.3363867684478371,1.462360424500444,1.0,0.004179821,1.1602692101226997,0.3291079988164202,0.0516184451993284,0.1381310550382964,0.1969287665653523,"packaged vegetables fruits, chips pretzels",milk,"packaged vegetables fruits, chips pretzels → milk"
"frozenset({'chips pretzels', 'milk'})",frozenset({'packaged vegetables fruits'}),0.02676,0.3423,0.01322,0.4940209267563528,1.4432396341114602,1.0,0.004060052,1.2998561299852291,0.3155587236071153,0.0371515287769784,0.2306840911606399,0.2663210096825877,"chips pretzels, milk",packaged vegetables fruits,"chips pretzels, milk → packaged vegetables fruits"
"frozenset({'yogurt', 'chips pretzels'})",frozenset({'milk'}),0.02572,0.23003,0.01005,0.390746500777605,1.6986762629987608,1.0,0.0041336284,1.2637924952137845,0.4221643762139338,0.0409035409035409,0.2087308606537981,0.2172182271309665,"yogurt, chips pretzels",milk,"yogurt, chips pretzels → milk"
"frozenset({'chips pretzels', 'milk'})",frozenset({'yogurt'}),0.02676,0.20368,0.01005,0.3755605381165919,1.84387538352608,1.0,0.0045995232,1.2752557271095153,0.4702478319838889,0.0456009800807659,0.2158435529894916,0.2124513216898749,"chips pretzels, milk",yogurt,"chips pretzels, milk → yogurt"
"frozenset({'packaged vegetables fruits', 'chips pretzels'})",frozenset({'packaged cheese'}),0.0393,0.16892,0.01283,0.3264631043256997,1.932649208653207,1.0,0.006191444,1.2339041934265205,0.5023165672017051,0.0656635447054608,0.1895643070771763,0.2012081091128853,"packaged vegetables fruits, chips pretzels",packaged cheese,"packaged vegetables fruits, chips pretzels → packaged cheese"
"frozenset({'packaged cheese', 'chips pretzels'})",frozenset({'packaged vegetables fruits'}),0.02428,0.3423,0.01283,0.5284184514003295,1.543729042945748,1.0,0.0045189559999999,1.3946686462882096,0.3609825838705947,0.0362685512367491,0.2829838093360644,0.2829500962815261,"packaged cheese, chips pretzels",packaged vegetables fruits,"packaged cheese, chips pretzels → packaged vegetables fruits"
"frozenset({'yogurt', 'chips pretzels'})",frozenset({'packaged vegetables fruits'}),0.02572,0.3423,0.01378,0.5357698289269052,1.5652054599091592,1.0,0.004976044,1.4167541038525964,0.3706390780154395,0.0389001806684733,0.2941612116875554,0.2880134566778843,"yogurt, chips pretzels",packaged vegetables fruits,"yogurt, chips pretzels → packaged vegetables fruits"
"frozenset({'packaged vegetables fruits', 'chips pretzels'})",frozenset({'yogurt'}),0.0393,0.20368,0.01378,0.3506361323155216,1.7215049701272669,1.0,0.005775376,1.2263078369905955,0.4362578508081688,0.0601221640488656,0.1845440681076974,0.2091456388207616,"packaged vegetables fruits, chips pretzels",yogurt,"packaged vegetables fruits, chips pretzels → yogurt"
"frozenset({'fresh fruits', 'condiments'})",frozenset({'fresh vegetables'}),0.0222,0.44933,0.01575,0.7094594594594594,1.5789274240746431,1.0,0.0057748739999999,1.8953293023255813,0.3749832958341855,0.0345561455087981,0.4723872000643932,0.3722558241369582,"fresh fruits, condiments",fresh vegetables,"fresh fruits, condiments → fresh vegetables"
"frozenset({'condiments', 'fresh vegetables'})",frozenset({'fresh fruits'}),0.02119,0.57912,0.01575,0.7432751297781972,1.283456157235456,1.0,0.0034784472,1.6394204411764703,0.2256349960423274,0.0269433420008211,0.3900283448446047,0.3852357828750082,"condiments, fresh vegetables",fresh fruits,"condiments, fresh vegetables → fresh fruits"
frozenset({'condiments'}),"frozenset({'fresh fruits', 'fresh vegetables'})",0.03575,0.32152,0.01575,0.4405594405594406,1.3702396135837291,1.0,0.00425566,1.2127830000000002,0.2802184443045216,0.0461173576950105,0.1754501835860167,0.2447727533725294,condiments,"fresh fruits, fresh vegetables","condiments → fresh fruits, fresh vegetables"
"frozenset({'fresh fruits', 'condiments'})",frozenset({'packaged vegetables fruits'}),0.0222,0.3423,0.01101,0.4959459459459459,1.448863412053596,1.0,0.00341094,1.3048203753351204,0.3168376096480839,0.0311465670881778,0.233610986689898,0.2640553568467679,"fresh fruits, condiments",packaged vegetables fruits,"fresh fruits, condiments → packaged vegetables fruits"
"frozenset({'condiments', 'packaged vegetables fruits'})",frozenset({'fresh fruits'}),0.0141,0.57912,0.01101,0.7808510638297873,1.348340695934845,1.0,0.002844408,1.9205203883495157,0.262042482933062,0.0189107023239037,0.4793077927907891,0.3999313338212343,"condiments, packaged vegetables fruits",fresh fruits,"condiments, packaged vegetables fruits → fresh fruits"
frozenset({'condiments'}),"frozenset({'fresh fruits', 'packaged vegetables fruits'})",0.03575,0.2571,0.01101,0.307972027972028,1.1978686424427385,1.0,0.001818675,1.073511519805982,0.1713081915537695,0.0390647175702526,0.068477625483952,0.1753979159696779,condiments,"fresh fruits, packaged vegetables fruits","condiments → fresh fruits, packaged vegetables fruits"
"frozenset({'condiments', 'packaged vegetables fruits'})",frozenset({'fresh vegetables'}),0.0141,0.44933,0.01071,0.7595744680851064,1.690460169775235,1.0,0.004374447,2.290397345132744,0.4142865382282338,0.0236570065382576,0.5633945340859433,0.3917049782394686,"condiments, packaged vegetables fruits",fresh vegetables,"condiments, packaged vegetables fruits → fresh vegetables"
"frozenset({'condiments', 'fresh vegetables'})",frozenset({'packaged vegetables fruits'}),0.02119,0.3423,0.01071,0.5054270882491742,1.4765617535763196,1.0,0.003456663,1.3298342557251908,0.3297381313964476,0.0303588638811724,0.2480265900093875,0.2683577159037282,"condiments, fresh vegetables",packaged vegetables fruits,"condiments, fresh vegetables → packaged vegetables fruits"
"frozenset({'fresh fruits', 'crackers'})",frozenset({'fresh vegetables'}),0.04219,0.44933,0.02567,0.6084380184877933,1.3541005908525878,1.0,0.0067127672999999,1.4063418462469734,0.2730211910060846,0.0551035741118385,0.2889353305751054,0.332783761207932,"fresh fruits, crackers",fresh vegetables,"fresh fruits, crackers → fresh vegetables"
"frozenset({'crackers', 'fresh vegetables'})",frozenset({'fresh fruits'}),0.03077,0.57912,0.02567,0.8342541436464088,1.4405548826606038,1.0,0.0078504776,2.539309333333333,0.3155319649181473,0.0439389271164972,0.6061921299334937,0.4392900086929378,"crackers, fresh vegetables",fresh fruits,"crackers, fresh vegetables → fresh fruits"
frozenset({'crackers'}),"frozenset({'fresh fruits', 'fresh vegetables'})",0.06252,0.32152,0.02567,0.4105886116442738,1.2770235495280973,1.0,0.0055685695999999,1.1511145074626865,0.2313959599505866,0.0716298797332366,0.1312766944409176,0.2452140619803852,crackers,"fresh fruits, fresh vegetables","crackers → fresh fruits, fresh vegetables"
"frozenset({'fresh fruits', 'crackers'})",frozenset({'milk'}),0.04219,0.23003,0.01551,0.3676226593979616,1.5981509342171092,1.0,0.0058050342999999,1.2175799962518743,0.3907631711771341,0.0604183709243893,0.1786987277399919,0.2175243236562907,"fresh fruits, crackers",milk,"fresh fruits, crackers → milk"
"frozenset({'crackers', 'milk'})",frozenset({'fresh fruits'}),0.01946,0.57912,0.01551,0.7970195272353545,1.376259716872763,1.0,0.0042403247999999,2.073499949367088,0.2788187726977424,0.0266005796902601,0.517723643877957,0.4119007706628492,"crackers, milk",fresh fruits,"crackers, milk → fresh fruits"
"frozenset({'fresh fruits', 'crackers'})",frozenset({'packaged cheese'}),0.04219,0.16892,0.01519,0.3600379236785968,2.131410867147744,1.0,0.0080632652,1.298639451851852,0.5542092921421254,0.0775316455696202,0.2299633292566261,0.22498107408178,"fresh fruits, crackers",packaged cheese,"fresh fruits, crackers → packaged cheese"
"frozenset({'packaged cheese', 'crackers'})",frozenset({'fresh fruits'}),0.01858,0.57912,0.01519,0.8175457481162541,1.4117035296937668,1.0,0.0044299504,2.3067700294985265,0.2971571508972457,0.0260768055484026,0.5664934140758747,0.4218875998489821,"packaged cheese, crackers",fresh fruits,"packaged cheese, crackers → fresh fruits"
"frozenset({'fresh fruits', 'crackers'})",frozenset({'packaged vegetables fruits'}),0.04219,0.3423,0.02213,0.5245318795923205,1.5323747577923474,1.0,0.007688363,1.3832683449651046,0.3627213332485829,0.0610718622364499,0.2770744710237502,0.2945913853117898,"fresh fruits, crackers",packaged vegetables fruits,"fresh fruits, crackers → packaged vegetables fruits"
"frozenset({'packaged vegetables fruits', 'crackers'})",frozenset({'fresh fruits'}),0.02615,0.57912,0.02213,0.8462715105162524,1.4613059651130205,1.0,0.006986012,2.737813930348259,0.3241573286957788,0.0379497204787872,0.6347450829601131,0.4422423307519789,"packaged vegetables fruits, crackers",fresh fruits,"packaged vegetables fruits, crackers → fresh fruits"
frozenset({'crackers'}),"frozenset({'fresh fruits', 'packaged vegetables fruits'})",0.06252,0.2571,0.02213,0.3539667306461931,1.3767667469708018,1.0,0.0060561079999999,1.149940777420153,0.2919108154710974,0.0743890550942888,0.130389999523749,0.2200210938334038,crackers,"fresh fruits, packaged vegetables fruits","crackers → fresh fruits, packaged vegetables fruits"
"frozenset({'fresh fruits', 'crackers'})",frozenset({'yogurt'}),0.04219,0.20368,0.0152,0.360274946669827,1.768828292762309,1.0,0.0066067408,1.2447847647276769,0.4537998141593844,0.0658950015173191,0.1966482653579302,0.2174509061707344,"fresh fruits, crackers",yogurt,"fresh fruits, crackers → yogurt"
"frozenset({'yogurt', 'crackers'})",frozenset({'fresh fruits'}),0.01852,0.57912,0.0152,0.8207343412526998,1.4172094578890384,1.0,0.0044746976,2.347800481927712,0.2999429433101032,0.0260971087150607,0.574069428941028,0.4234905302064024,"yogurt, crackers",fresh fruits,"yogurt, crackers → fresh fruits"
"frozenset({'crackers', 'fresh vegetables'})",frozenset({'milk'}),0.03077,0.23003,0.01131,0.3675658108547286,1.5979037988728804,1.0,0.0042319769,1.2174705498458376,0.3860591369015226,0.0453324782556415,0.1786248955864886,0.2083666553730236,"crackers, fresh vegetables",milk,"crackers, fresh vegetables → milk"
"frozenset({'crackers', 'milk'})",frozenset({'fresh vegetables'}),0.01946,0.44933,0.01131,0.5811921891058581,1.293464022223885,1.0,0.0025660382,1.3148513128834354,0.2313849978585033,0.0247223922357261,0.2394577316829646,0.3031814994891674,"crackers, milk",fresh vegetables,"crackers, milk → fresh vegetables"
"frozenset({'packaged cheese', 'crackers'})",frozenset({'fresh vegetables'}),0.01858,0.44933,0.01186,0.6383207750269108,1.4206057352656416,1.0,0.0035114486,1.5225369940476194,0.3016801411369967,0.0260059204034645,0.3432015091196374,0.3323578147940731,"packaged cheese, crackers",fresh vegetables,"packaged cheese, crackers → fresh vegetables"
"frozenset({'crackers', 'fresh vegetables'})",frozenset({'packaged cheese'}),0.03077,0.16892,0.01186,0.3854403639909002,2.281792351355081,1.0,0.0066623316,1.3523179058699104,0.5795817576647961,0.0631422030559548,0.2605289069534825,0.227825557321048,"crackers, fresh vegetables",packaged cheese,"crackers, fresh vegetables → packaged cheese"
"frozenset({'packaged vegetables fruits', 'crackers'})",frozenset({'fresh vegetables'}),0.02615,0.44933,0.01766,0.6753346080305926,1.5029813456270282,1.0,0.0059100204999999,1.696115488810365,0.3436419853692751,0.0385741120964571,0.4104175060028558,0.3573187851093697,"packaged vegetables fruits, crackers",fresh vegetables,"packaged vegetables fruits, crackers → fresh vegetables"
"frozenset({'crackers', 'fresh vegetables'})",frozenset({'packaged vegetables fruits'}),0.03077,0.3423,0.01766,0.5739356516087097,1.676703627253023,1.0,0.0071274289999999,1.5436635392829898,0.4164044407459429,0.0496890914718212,0.3521904388151281,0.3127639111096426,"crackers, fresh vegetables",packaged vegetables fruits,"crackers, fresh vegetables → packaged vegetables fruits"
"frozenset({'yogurt', 'crackers'})",frozenset({'fresh vegetables'}),0.01852,0.44933,0.01116,0.6025917926565875,1.3410896059835475,1.0,0.0028384084,1.385653315217391,0.2591368853679098,0.0244367076134796,0.2783187619746626,0.3137143860797013,"yogurt, crackers",fresh vegetables,"yogurt, crackers → fresh vegetables"
"frozenset({'crackers', 'fresh vegetables'})",frozenset({'yogurt'}),0.03077,0.20368,0.01116,0.3626909327266818,1.7806899682181945,1.0,0.0048927664,1.2495036409994902,0.4523383802765207,0.0499798468359532,0.1996822040469683,0.2087413815243778,"crackers, fresh vegetables",yogurt,"crackers, fresh vegetables → yogurt"
"frozenset({'packaged vegetables fruits', 'crackers'})",frozenset({'milk'}),0.02615,0.23003,0.01023,0.3912045889101338,1.700667690780045,1.0,0.0042147155,1.2647434359296483,0.4230586333099305,0.0415938198820898,0.2093258034860238,0.217838524512016,"packaged vegetables fruits, crackers",milk,"packaged vegetables fruits, crackers → milk"
"frozenset({'crackers', 'milk'})",frozenset({'packaged vegetables fruits'}),0.01946,0.3423,0.01023,0.5256937307297019,1.5357690059295996,1.0,0.0035688419999999,1.3866567713976163,0.3557839665461732,0.0291013569254402,0.2788410076474106,0.277789897792546,"crackers, milk",packaged vegetables fruits,"crackers, milk → packaged vegetables fruits"
"frozenset({'packaged vegetables fruits', 'crackers'})",frozenset({'packaged cheese'}),0.02615,0.16892,0.01044,0.3992351816443594,2.363457149208853,1.0,0.006022742,1.3833699554423935,0.5923817797079451,0.0565455234793912,0.2771275709250125,0.2305197930480854,"packaged vegetables fruits, crackers",packaged cheese,"packaged vegetables fruits, crackers → packaged cheese"
"frozenset({'packaged cheese', 'crackers'})",frozenset({'packaged vegetables fruits'}),0.01858,0.3423,0.01044,0.5618945102260495,1.6415264686709017,1.0,0.004080066,1.5012366093366092,0.3982096549288071,0.02979111973519,0.333882484759084,0.2961970360069774,"packaged cheese, crackers",packaged vegetables fruits,"packaged cheese, crackers → packaged vegetables fruits"
"frozenset({'yogurt', 'crackers'})",frozenset({'packaged vegetables fruits'}),0.01852,0.3423,0.01018,0.5496760259179266,1.6058312179898528,1.0,0.003840604,1.4605040767386093,0.384388421703545,0.0290326260552133,0.3153048896425827,0.2897080100375493,"yogurt, crackers",packaged vegetables fruits,"yogurt, crackers → packaged vegetables fruits"
"frozenset({'packaged vegetables fruits', 'crackers'})",frozenset({'yogurt'}),0.02615,0.20368,0.01018,0.3892925430210325,1.9112948891448964,1.0,0.004853768,1.3039303694427051,0.4895974729349301,0.0463464602777145,0.2330878830382666,0.2196364521860857,"packaged vegetables fruits, crackers",yogurt,"packaged vegetables fruits, crackers → yogurt"
"frozenset({'fresh fruits', 'cream'})",frozenset({'fresh vegetables'}),0.04687,0.44933,0.02783,0.5937700021335609,1.3214563953743594,1.0,0.0067699028999999,1.3555621271008402,0.255221404369775,0.0594188355360078,0.2622986582409808,0.3278533316923785,"fresh fruits, cream",fresh vegetables,"fresh fruits, cream → fresh vegetables"
"frozenset({'cream', 'fresh vegetables'})",frozenset({'fresh fruits'}),0.03614,0.57912,0.02783,0.7700608743774212,1.3297086517084908,1.0,0.0069006032,1.830397496991577,0.2572526702524753,0.0473758575489845,0.4536705815848252,0.409058272525083,"cream, fresh vegetables",fresh fruits,"cream, fresh vegetables → fresh fruits"
frozenset({'cream'}),"frozenset({'fresh fruits', 'fresh vegetables'})",0.0732,0.32152,0.02783,0.3801912568306011,1.1824808933522055,1.0,0.004294736,1.0946602600837558,0.166508819267856,0.0758537981411322,0.0864745561116041,0.2333744291119913,cream,"fresh fruits, fresh vegetables","cream → fresh fruits, fresh vegetables"
"frozenset({'fresh fruits', 'cream'})",frozenset({'milk'}),0.04687,0.23003,0.01842,0.3930019202048218,1.708481155522418,1.0,0.0076384938999999,1.2684883620386644,0.4350768454486766,0.0712627669452181,0.2116600909188953,0.2365392159820787,"fresh fruits, cream",milk,"fresh fruits, cream → milk"
"frozenset({'cream', 'milk'})",frozenset({'fresh fruits'}),0.02627,0.57912,0.01842,0.7011800532927293,1.210768153910639,1.0,0.0032065175999999,1.408473579617834,0.178774450415008,0.031381501609963,0.2900115312980642,0.3664934663479808,"cream, milk",fresh fruits,"cream, milk → fresh fruits"
"frozenset({'cream', 'packaged cheese'})",frozenset({'fresh fruits'}),0.01807,0.57912,0.01379,0.7631433314886553,1.317763730295371,1.0,0.0033253016,1.776939626168225,0.245576183831834,0.0236372985944463,0.437234678503743,0.3934776610475463,"cream, packaged cheese",fresh fruits,"cream, packaged cheese → fresh fruits"
"frozenset({'fresh fruits', 'cream'})",frozenset({'packaged vegetables fruits'}),0.04687,0.3423,0.02285,0.4875186686579901,1.4242438465030387,1.0,0.0068063989999999,1.283363821815154,0.3125208959695867,0.062377156584407,0.2207977324889617,0.2771364888717937,"fresh fruits, cream",packaged vegetables fruits,"fresh fruits, cream → packaged vegetables fruits"
"frozenset({'cream', 'packaged vegetables fruits'})",frozenset({'fresh fruits'}),0.0282,0.57912,0.02285,0.8102836879432623,1.3991637103592731,1.0,0.006518816,2.218470280373831,0.2935659109874388,0.0390952486868445,0.5492389468334498,0.4248700522876969,"cream, packaged vegetables fruits",fresh fruits,"cream, packaged vegetables fruits → fresh fruits"
frozenset({'cream'}),"frozenset({'fresh fruits', 'packaged vegetables fruits'})",0.0732,0.2571,0.02285,0.3121584699453552,1.2141519640037153,1.0,0.0040302799999999,1.080045283018868,0.1903106049945742,0.0743210278093998,0.0741128953363241,0.2005171968552135,cream,"fresh fruits, packaged vegetables fruits","cream → fresh fruits, packaged vegetables fruits"
"frozenset({'fresh fruits', 'cream'})",frozenset({'yogurt'}),0.04687,0.20368,0.01594,0.3400896095583529,1.6697251058442306,1.0,0.0063935183999999,1.2067092919495634,0.4208229951108321,0.0679425429436085,0.1712999919107304,0.209174812634636,"fresh fruits, cream",yogurt,"fresh fruits, cream → yogurt"
"frozenset({'yogurt', 'cream'})",frozenset({'fresh fruits'}),0.02046,0.57912,0.01594,0.7790811339198436,1.3452844555875183,1.0,0.0040912048,1.9051338053097344,0.2620237922345391,0.0273113563155369,0.4751024850785107,0.4033028269405821,"yogurt, cream",fresh fruits,"yogurt, cream → fresh fruits"
"frozenset({'cream', 'fresh vegetables'})",frozenset({'milk'}),0.03614,0.23003,0.01277,0.3533480907581627,1.5360956864676898,1.0,0.0044567158,1.19070243046641,0.3620846264175233,0.050394632991318,0.1601596046055855,0.2044312944335525,"cream, fresh vegetables",milk,"cream, fresh vegetables → milk"
"frozenset({'cream', 'milk'})",frozenset({'fresh vegetables'}),0.02627,0.44933,0.01277,0.4861058241339931,1.081845913101714,1.0,0.0009661008999999,1.0715630296296297,0.07769499424912,0.0275911241708618,0.0667837800025298,0.2572629581355876,"cream, milk",fresh vegetables,"cream, milk → fresh vegetables"
"frozenset({'cream', 'packaged cheese'})",frozenset({'fresh vegetables'}),0.01807,0.44933,0.01183,0.6546762589928058,1.4570054503211576,1.0,0.0037106069,1.594648541666667,0.3194329221337256,0.0259674693241433,0.3729025713999415,0.3405021737400545,"cream, packaged cheese",fresh vegetables,"cream, packaged cheese → fresh vegetables"
"frozenset({'cream', 'fresh vegetables'})",frozenset({'packaged cheese'}),0.03614,0.16892,0.01183,0.3273381294964029,1.9378293245110283,1.0,0.0057252312,1.2355093048128345,0.5021047468705843,0.0612223774776173,0.1906171842619277,0.1986856406421157,"cream, fresh vegetables",packaged cheese,"cream, fresh vegetables → packaged cheese"
"frozenset({'cream', 'packaged vegetables fruits'})",frozenset({'fresh vegetables'}),0.0282,0.44933,0.01932,0.6851063829787234,1.5247287805815846,1.0,0.006648894,1.7487493243243242,0.3541321796397541,0.0421640732415268,0.4281627526081381,0.364051867295562,"cream, packaged vegetables fruits",fresh vegetables,"cream, packaged vegetables fruits → fresh vegetables"
"frozenset({'cream', 'fresh vegetables'})",frozenset({'packaged vegetables fruits'}),0.03614,0.3423,0.01932,0.5345877144438296,1.5617520141508314,1.0,0.006949278,1.4131556480380498,0.3731802110896495,0.0537981733125417,0.292363865658856,0.2955147161176203,"cream, fresh vegetables",packaged vegetables fruits,"cream, fresh vegetables → packaged vegetables fruits"
"frozenset({'yogurt', 'cream'})",frozenset({'fresh vegetables'}),0.02046,0.44933,0.0114,0.5571847507331379,1.2400346087132794,1.0,0.0022067082,1.2435660264900663,0.1976140787888623,0.0248696524793298,0.195860952536252,0.2912779294137058,"yogurt, cream",fresh vegetables,"yogurt, cream → fresh vegetables"
"frozenset({'cream', 'fresh vegetables'})",frozenset({'yogurt'}),0.03614,0.20368,0.0114,0.3154399557277255,1.5487036318132636,1.0,0.0040390048,1.1632580759902993,0.3675831206468436,0.0499080640924612,0.1403455341165932,0.1857050524907284,"cream, fresh vegetables",yogurt,"cream, fresh vegetables → yogurt"
"frozenset({'cream', 'packaged vegetables fruits'})",frozenset({'milk'}),0.0282,0.23003,0.01119,0.3968085106382979,1.7250293902460456,1.0,0.004703154,1.276493474426808,0.4324961225596679,0.0452963082901554,0.216603907474704,0.2227271697216182,"cream, packaged vegetables fruits",milk,"cream, packaged vegetables fruits → milk"
"frozenset({'cream', 'milk'})",frozenset({'packaged vegetables fruits'}),0.02627,0.3423,0.01119,0.4259611724400456,1.2444089174409747,1.0,0.002197779,1.1457413129973473,0.2017044047393114,0.0313112093569869,0.1272026340885596,0.22932589735061,"cream, milk",packaged vegetables fruits,"cream, milk → packaged vegetables fruits"
"frozenset({'fresh fruits', 'dry pasta'})",frozenset({'fresh vegetables'}),0.02465,0.44933,0.01853,0.7517241379310345,1.6729889789932444,1.0,0.0074540155,2.2179763888888893,0.4124339275056754,0.0406850367768141,0.54913857288582,0.396481658131609,"fresh fruits, dry pasta",fresh vegetables,"fresh fruits, dry pasta → fresh vegetables"
"frozenset({'dry pasta', 'fresh vegetables'})",frozenset({'fresh fruits'}),0.02363,0.57912,0.01853,0.7841726618705036,1.3540762913912552,1.0,0.0048453944,1.9500773333333337,0.2678177067217619,0.0317175036801205,0.4871998238702329,0.4080847423180395,"dry pasta, fresh vegetables",fresh fruits,"dry pasta, fresh vegetables → fresh fruits"
frozenset({'dry pasta'}),"frozenset({'fresh fruits', 'fresh vegetables'})",0.03591,0.32152,0.01853,0.5160122528543581,1.6049149441849906,1.0,0.0069842168,1.401853670886076,0.3909531480539012,0.0546768958394806,0.2866587856006929,0.2868223742500205,dry pasta,"fresh fruits, fresh vegetables","dry pasta → fresh fruits, fresh vegetables"
"frozenset({'fresh fruits', 'dry pasta'})",frozenset({'packaged vegetables fruits'}),0.02465,0.3423,0.01402,0.568762677484787,1.6615912284101286,1.0,0.005582305,1.5251462841015992,0.4082301338551647,0.0397245912787238,0.3443251900331261,0.3048604506325483,"fresh fruits, dry pasta",packaged vegetables fruits,"fresh fruits, dry pasta → packaged vegetables fruits"
"frozenset({'packaged vegetables fruits', 'dry pasta'})",frozenset({'fresh fruits'}),0.0168,0.57912,0.01402,0.8345238095238096,1.441020530328446,1.0,0.004290784,2.5434474820143893,0.3112768113435532,0.0240934868534112,0.6068328490871735,0.4293664772166637,"packaged vegetables fruits, dry pasta",fresh fruits,"packaged vegetables fruits, dry pasta → fresh fruits"
frozenset({'dry pasta'}),"frozenset({'fresh fruits', 'packaged vegetables fruits'})",0.03591,0.2571,0.01402,0.3904204956836536,1.5185550201620133,1.0,0.004787539,1.2187089538602105,0.3541985125218937,0.0502526972292913,0.1794595446004221,0.2224759032288357,dry pasta,"fresh fruits, packaged vegetables fruits","dry pasta → fresh fruits, packaged vegetables fruits"
"frozenset({'packaged vegetables fruits', 'dry pasta'})",frozenset({'fresh vegetables'}),0.0168,0.44933,0.01319,0.7851190476190477,1.7473105459663223,1.0,0.005641256,2.5626747922437683,0.4349998858765086,0.0291208548593632,0.6097827149091973,0.4072369323956409,"packaged vegetables fruits, dry pasta",fresh vegetables,"packaged vegetables fruits, dry pasta → fresh vegetables"
"frozenset({'dry pasta', 'fresh vegetables'})",frozenset({'packaged vegetables fruits'}),0.02363,0.3423,0.01319,0.5581887431231485,1.6307003889078249,1.0,0.005101451,1.488644731800766,0.3961270477175506,0.037392980665646,0.3282480509702729,0.2983610966565202,"dry pasta, fresh vegetables",packaged vegetables fruits,"dry pasta, fresh vegetables → packaged vegetables fruits"
frozenset({'dry pasta'}),"frozenset({'packaged vegetables fruits', 'fresh vegetables'})",0.03591,0.21588,0.01319,0.367307156780841,1.7014413413972629,1.0,0.0054377492,1.2393375528169015,0.42761880886375,0.0552808046940486,0.1931173248748164,0.2142029576752083,dry pasta,"packaged vegetables fruits, fresh vegetables","dry pasta → packaged vegetables fruits, fresh vegetables"
"frozenset({'eggs', 'fresh herbs'})",frozenset({'fresh fruits'}),0.01471,0.57912,0.0122,0.8293677770224337,1.4321173107860783,1.0,0.0036811448,2.4665915537848604,0.306237940431618,0.0209755342743668,0.5945822491504318,0.4252171113320485,"eggs, fresh herbs",fresh fruits,"eggs, fresh herbs → fresh fruits"
"frozenset({'fresh fruits', 'eggs'})",frozenset({'fresh vegetables'}),0.08363,0.44933,0.05704,0.6820518952528997,1.5179309088039965,1.0,0.0194625321,1.7319493080105302,0.3723479457278696,0.1198520759791561,0.4226158956414906,0.4044982285780889,"fresh fruits, eggs",fresh vegetables,"fresh fruits, eggs → fresh vegetables"
"frozenset({'fresh vegetables', 'eggs'})",frozenset({'fresh fruits'}),0.07143,0.57912,0.05704,0.7985440291194177,1.378892162452372,1.0,0.0156734584,2.0891909937456576,0.2959175142716317,0.0961062155650284,0.5213458209452045,0.4485191481416953,"fresh vegetables, eggs",fresh fruits,"fresh vegetables, eggs → fresh fruits"
frozenset({'eggs'}),"frozenset({'fresh fruits', 'fresh vegetables'})",0.11819,0.32152,0.05704,0.4826127421947711,1.501034903566718,1.0,0.0190395512,1.3113581553556828,0.3785316262596633,0.1490579350354091,0.2374318214166536,0.3300100287236607,eggs,"fresh fruits, fresh vegetables","eggs → fresh fruits, fresh vegetables"
"frozenset({'frozen produce', 'eggs'})",frozenset({'fresh fruits'}),0.01565,0.57912,0.01304,0.8332268370607028,1.438780972960186,1.0,0.003976772,2.52366743295019,0.3098157951075435,0.0224158974094511,0.6037512760423465,0.4278718796437648,"frozen produce, eggs",fresh fruits,"frozen produce, eggs → fresh fruits"
"frozenset({'eggs', 'lunch meat'})",frozenset({'fresh fruits'}),0.01365,0.57912,0.01114,0.8161172161172161,1.409236800865479,1.0,0.003235012,2.288849402390438,0.2944148124593703,0.0191530698210202,0.5630992589745678,0.417676649224515,"eggs, lunch meat",fresh fruits,"eggs, lunch meat → fresh fruits"
"frozenset({'fresh fruits', 'eggs'})",frozenset({'milk'}),0.08363,0.23003,0.03037,0.363147195982303,1.5786949353662698,1.0,0.0111325911,1.2090234904243335,0.4000189844420173,0.1072046312965512,0.1728862111280998,0.247586726713492,"fresh fruits, eggs",milk,"fresh fruits, eggs → milk"
"frozenset({'eggs', 'milk'})",frozenset({'fresh fruits'}),0.03868,0.57912,0.03037,0.7851602895553258,1.3557816852385098,1.0,0.0079696384,1.959041925391096,0.2729768684182617,0.0516997769947057,0.4895464017186034,0.4188009625701757,"eggs, milk",fresh fruits,"eggs, milk → fresh fruits"
"frozenset({'packaged cheese', 'eggs'})",frozenset({'fresh fruits'}),0.0285,0.57912,0.02279,0.7996491228070176,1.3808003916407958,1.0,0.00628508,2.1007145359019272,0.2838727335918793,0.0389685891626626,0.5239714949796085,0.4195009669843901,"packaged cheese, eggs",fresh fruits,"packaged cheese, eggs → fresh fruits"
"frozenset({'fresh fruits', 'eggs'})",frozenset({'packaged vegetables fruits'}),0.08363,0.3423,0.04538,0.5426282434533062,1.585241727879948,1.0,0.016753451,1.437998718954248,0.4028737076315442,0.119248456181842,0.3045890884191975,0.3376010045779531,"fresh fruits, eggs",packaged vegetables fruits,"fresh fruits, eggs → packaged vegetables fruits"
"frozenset({'packaged vegetables fruits', 'eggs'})",frozenset({'fresh fruits'}),0.05482,0.57912,0.04538,0.8278000729660707,1.4294102655167682,1.0,0.0136326415999999,2.444135762711864,0.3178344748024564,0.0771034389017262,0.5908574248386018,0.45308017186085,"packaged vegetables fruits, eggs",fresh fruits,"packaged vegetables fruits, eggs → fresh fruits"
frozenset({'eggs'}),"frozenset({'fresh fruits', 'packaged vegetables fruits'})",0.11819,0.2571,0.04538,0.3839580336745917,1.4934190341291005,1.0,0.0149933509999999,1.2059243373163029,0.3746788658962894,0.1375526658785729,0.1707605783747365,0.280232614659155,eggs,"fresh fruits, packaged vegetables fruits","eggs → fresh fruits, packaged vegetables fruits"
"frozenset({'soy lactosefree', 'eggs'})",frozenset({'fresh fruits'}),0.02239,0.57912,0.01759,0.7856185797230907,1.3565730413784547,1.0,0.0046235032,1.9632298333333336,0.2688683535677056,0.0301239895876147,0.4906352873101375,0.4079961250597771,"soy lactosefree, eggs",fresh fruits,"soy lactosefree, eggs → fresh fruits"
"frozenset({'water seltzer sparkling water', 'eggs'})",frozenset({'fresh fruits'}),0.02186,0.57912,0.01651,0.7552607502287283,1.3041524213094493,1.0,0.0038504368,1.7197078130841124,0.2384305534365853,0.0282478142590723,0.4185058691996016,0.3918847610792764,"water seltzer sparkling water, eggs",fresh fruits,"water seltzer sparkling water, eggs → fresh fruits"
"frozenset({'fresh fruits', 'eggs'})",frozenset({'yogurt'}),0.08363,0.20368,0.02643,0.3160349157001076,1.5516246843092478,1.0,0.0093962416,1.1642699580419582,0.387959283869524,0.1013109475620975,0.1410926709113266,0.222898644024445,"fresh fruits, eggs",yogurt,"fresh fruits, eggs → yogurt"
"frozenset({'yogurt', 'eggs'})",frozenset({'fresh fruits'}),0.03232,0.57912,0.02643,0.8177599009900989,1.4120733198475257,1.0,0.0077128415999999,2.3094807470288607,0.3015681584779201,0.0451787148937624,0.5670022357681498,0.4316990553437854,"yogurt, eggs",fresh fruits,"yogurt, eggs → fresh fruits"
"frozenset({'eggs', 'fresh herbs'})",frozenset({'fresh vegetables'}),0.01471,0.44933,0.01288,0.8755948334466349,1.9486676461545744,1.0,0.0062703557,4.42642387978142,0.4940970259473375,0.0285486301977125,0.774083994854695,0.4521298672607843,"eggs, fresh herbs",fresh vegetables,"eggs, fresh herbs → fresh vegetables"
"frozenset({'frozen produce', 'eggs'})",frozenset({'fresh vegetables'}),0.01565,0.44933,0.01148,0.7335463258785943,1.632533607545889,1.0,0.0044479855,2.066663189448441,0.3936152617735859,0.0253142227122381,0.5161282181317199,0.3795477384183437,"frozen produce, eggs",fresh vegetables,"frozen produce, eggs → fresh vegetables"
"frozenset({'fresh vegetables', 'eggs'})",frozenset({'milk'}),0.07143,0.23003,0.02459,0.3442531149377013,1.496557470493854,1.0,0.0081589571,1.1741878116994025,0.3573234120551008,0.0888142449525047,0.1483474874835399,0.2255761075275386,"fresh vegetables, eggs",milk,"fresh vegetables, eggs → milk"
"frozenset({'eggs', 'milk'})",frozenset({'fresh vegetables'}),0.03868,0.44933,0.02459,0.6357290589451914,1.414837778348188,1.0,0.0072099156,1.511704442867282,0.3050026932772238,0.0530620171766432,0.3384950314075424,0.3452274921058496,"eggs, milk",fresh vegetables,"eggs, milk → fresh vegetables"
"frozenset({'packaged cheese', 'eggs'})",frozenset({'fresh vegetables'}),0.0285,0.44933,0.02005,0.7035087719298245,1.565683955956256,1.0,0.0072440949999999,1.8572893491124256,0.3719006652180664,0.0437983310760627,0.4615809321913751,0.3740653823372889,"packaged cheese, eggs",fresh vegetables,"packaged cheese, eggs → fresh vegetables"
"frozenset({'packaged vegetables fruits', 'eggs'})",frozenset({'fresh vegetables'}),0.05482,0.44933,0.04027,0.73458591754834,1.6348472560219438,1.0,0.0156377293999999,2.0747580343642613,0.4108445598591361,0.0868112442873157,0.5180160850388437,0.4121041220617314,"packaged vegetables fruits, eggs",fresh vegetables,"packaged vegetables fruits, eggs → fresh vegetables"
"frozenset({'fresh vegetables', 'eggs'})",frozenset({'packaged vegetables fruits'}),0.07143,0.3423,0.04027,0.5637687246255075,1.6470018247896805,1.0,0.015819511,1.507686489088575,0.4230549459006579,0.1078294864242489,0.3367321341424776,0.3407070324851172,"fresh vegetables, eggs",packaged vegetables fruits,"fresh vegetables, eggs → packaged vegetables fruits"
frozenset({'eggs'}),"frozenset({'packaged vegetables fruits', 'fresh vegetables'})",0.11819,0.21588,0.04027,0.3407225653608596,1.578296115253195,1.0,0.0147551428,1.1893627156057496,0.4155150587944456,0.1370660313138189,0.1592135965934546,0.2636306916113173,eggs,"packaged vegetables fruits, fresh vegetables","eggs → packaged vegetables fruits, fresh vegetables"
"frozenset({'soy lactosefree', 'eggs'})",frozenset({'fresh vegetables'}),0.02239,0.44933,0.01506,0.672621706118803,1.4969436853065743,1.0,0.0049995013,1.6820602046384718,0.3395752885866204,0.032978583628958,0.4054909585029201,0.3530691376164086,"soy lactosefree, eggs",fresh vegetables,"soy lactosefree, eggs → fresh vegetables"
"frozenset({'water seltzer sparkling water', 'eggs'})",frozenset({'fresh vegetables'}),0.02186,0.44933,0.0132,0.6038426349496797,1.3438734002841557,1.0,0.0033776461999999,1.3900284295612009,0.2616008831852166,0.0288215899910478,0.2805902535995782,0.3166098537399456,"water seltzer sparkling water, eggs",fresh vegetables,"water seltzer sparkling water, eggs → fresh vegetables"
"frozenset({'yogurt', 'eggs'})",frozenset({'fresh vegetables'}),0.03232,0.44933,0.02153,0.6661509900990099,1.4825428751674936,1.0,0.0070076544,1.6494582391102872,0.3363542196565884,0.0467921411805615,0.3937403346814061,0.3570333879122117,"yogurt, eggs",fresh vegetables,"yogurt, eggs → fresh vegetables"
"frozenset({'fresh vegetables', 'eggs'})",frozenset({'yogurt'}),0.07143,0.20368,0.02153,0.3014139717205656,1.4798407881017557,1.0,0.0069811376,1.1399025571142285,0.3491946006045054,0.0849041722533323,0.1227320319978973,0.203559499607337,"fresh vegetables, eggs",yogurt,"fresh vegetables, eggs → yogurt"
"frozenset({'packaged cheese', 'eggs'})",frozenset({'milk'}),0.0285,0.23003,0.01209,0.4242105263157895,1.8441530509750443,1.0,0.005534145,1.3372422303473492,0.4711741199878931,0.0490585943840285,0.2521923273839103,0.2383844441342891,"packaged cheese, eggs",milk,"packaged cheese, eggs → milk"
"frozenset({'eggs', 'milk'})",frozenset({'packaged cheese'}),0.03868,0.16892,0.01209,0.312564632885212,1.850370784307436,1.0,0.0055561744,1.2089572922151186,0.4780591010492638,0.0618382691422433,0.1728409213134861,0.1920684874111118,"eggs, milk",packaged cheese,"eggs, milk → packaged cheese"
"frozenset({'packaged vegetables fruits', 'eggs'})",frozenset({'milk'}),0.05482,0.23003,0.0199,0.3630062021160161,1.5780819985046128,1.0,0.0072897554,1.208755882016037,0.3875657195816361,0.0751085110398188,0.1727030950764524,0.2247583286370194,"packaged vegetables fruits, eggs",milk,"packaged vegetables fruits, eggs → milk"
"frozenset({'eggs', 'milk'})",frozenset({'packaged vegetables fruits'}),0.03868,0.3423,0.0199,0.5144777662874871,1.503002530784362,1.0,0.006659836,1.3546238551650691,0.3481308259769284,0.0551124404564085,0.261787693914379,0.2863069520891131,"eggs, milk",packaged vegetables fruits,"eggs, milk → packaged vegetables fruits"
"frozenset({'yogurt', 'eggs'})",frozenset({'milk'}),0.03232,0.23003,0.01406,0.4350247524752474,1.8911652935497432,1.0,0.0066254303999999,1.3628384665936475,0.4869641728194359,0.0566273309436545,0.2662373241493141,0.2480736073813876,"yogurt, eggs",milk,"yogurt, eggs → milk"
"frozenset({'eggs', 'milk'})",frozenset({'yogurt'}),0.03868,0.20368,0.01406,0.3634953464322647,1.7846393677939156,1.0,0.0061816575999999,1.2510827619821283,0.4573531214400019,0.0615856329391152,0.2006923679328218,0.2162625985892667,"eggs, milk",yogurt,"eggs, milk → yogurt"
"frozenset({'packaged vegetables fruits', 'eggs'})",frozenset({'packaged cheese'}),0.05482,0.16892,0.01673,0.3051805910251732,1.8066575362607935,1.0,0.0074698055999999,1.19610936203728,0.4723879765366184,0.0808173518187527,0.1639560463796184,0.2021107785814949,"packaged vegetables fruits, eggs",packaged cheese,"packaged vegetables fruits, eggs → packaged cheese"
"frozenset({'packaged cheese', 'eggs'})",frozenset({'packaged vegetables fruits'}),0.0285,0.3423,0.01673,0.587017543859649,1.7149212499551534,1.0,0.0069744499999999,1.5925615972812228,0.429112552947282,0.0472505436778038,0.3720808025842314,0.3179463997416854,"packaged cheese, eggs",packaged vegetables fruits,"packaged cheese, eggs → packaged vegetables fruits"
"frozenset({'yogurt', 'eggs'})",frozenset({'packaged cheese'}),0.03232,0.16892,0.01107,0.3425123762376237,2.027660290300875,1.0,0.0056105056,1.2640237929411766,0.5237482853223594,0.0582110743019403,0.208875651246118,0.204023178410074,"yogurt, eggs",packaged cheese,"yogurt, eggs → packaged cheese"
"frozenset({'packaged cheese', 'eggs'})",frozenset({'yogurt'}),0.0285,0.20368,0.01107,0.3884210526315789,1.907016165708852,1.0,0.00526512,1.3020722891566268,0.4895734392238415,0.050065578218986,0.2319934858242653,0.2213855066771406,"packaged cheese, eggs",yogurt,"packaged cheese, eggs → yogurt"
"frozenset({'soy lactosefree', 'eggs'})",frozenset({'packaged vegetables fruits'}),0.02239,0.3423,0.01279,0.5712371594461813,1.6688202145666995,1.0,0.0051259029999999,1.5339482291666662,0.409953127298957,0.0363455527138391,0.3480875162630094,0.3043010220251648,"soy lactosefree, eggs",packaged vegetables fruits,"soy lactosefree, eggs → packaged vegetables fruits"
"frozenset({'water seltzer sparkling water', 'eggs'})",frozenset({'packaged vegetables fruits'}),0.02186,0.3423,0.01083,0.4954254345837145,1.447342782891366,1.0,0.0033473219999999,1.3034743427017226,0.3159861270984835,0.0306512325587977,0.2328195751614939,0.2635321739088599,"water seltzer sparkling water, eggs",packaged vegetables fruits,"water seltzer sparkling water, eggs → packaged vegetables fruits"
"frozenset({'yogurt', 'eggs'})",frozenset({'packaged vegetables fruits'}),0.03232,0.3423,0.0183,0.5662128712871287,1.6541421889778811,1.0,0.007236864,1.516181455064194,0.4086651053864169,0.0513583295913785,0.3404483370642067,0.3098373734174469,"yogurt, eggs",packaged vegetables fruits,"yogurt, eggs → packaged vegetables fruits"
"frozenset({'packaged vegetables fruits', 'eggs'})",frozenset({'yogurt'}),0.05482,0.20368,0.0183,0.3338197738051806,1.638942330151122,1.0,0.0071342624,1.1953522015334064,0.4124615463420562,0.0761865112406328,0.1634264790601524,0.2118332961720325,"packaged vegetables fruits, eggs",yogurt,"packaged vegetables fruits, eggs → yogurt"
"frozenset({'fresh fruits', 'energy granola bars'})",frozenset({'fresh vegetables'}),0.0268,0.44933,0.0144,0.5373134328358209,1.1958102793844634,1.0,0.0023579559999999,1.1901577419354838,0.1682562108964698,0.0311870573711909,0.1597752425877946,0.2846805741616622,"fresh fruits, energy granola bars",fresh vegetables,"fresh fruits, energy granola bars → fresh vegetables"
"frozenset({'energy granola bars', 'fresh vegetables'})",frozenset({'fresh fruits'}),0.01697,0.57912,0.0144,0.8485562757807896,1.465251201444933,1.0,0.0045723336,2.77911813229572,0.3230045539471498,0.0247554539359452,0.6401736261661035,0.4367107943346551,"energy granola bars, fresh vegetables",fresh fruits,"energy granola bars, fresh vegetables → fresh fruits"
frozenset({'energy granola bars'}),"frozenset({'fresh fruits', 'fresh vegetables'})",0.03878,0.32152,0.0144,0.37132542547705,1.154906150401375,1.0,0.0019314543999999,1.079222904019688,0.1395401445847753,0.04163052905464,0.0734073597999204,0.2080563429948076,energy granola bars,"fresh fruits, fresh vegetables","energy granola bars → fresh fruits, fresh vegetables"
"frozenset({'fresh fruits', 'energy granola bars'})",frozenset({'packaged vegetables fruits'}),0.0268,0.3423,0.01356,0.5059701492537313,1.4781482595785314,1.0,0.0043863599999999,1.3312960725075529,0.332385815974306,0.0381391685886257,0.2488522871426658,0.2727922613052179,"fresh fruits, energy granola bars",packaged vegetables fruits,"fresh fruits, energy granola bars → packaged vegetables fruits"
"frozenset({'packaged vegetables fruits', 'energy granola bars'})",frozenset({'fresh fruits'}),0.01579,0.57912,0.01356,0.8587713742875238,1.4828902028725028,1.0,0.0044156952,2.980132376681616,0.3308656068705389,0.0233250193515094,0.6644444361516912,0.4410931052954403,"packaged vegetables fruits, energy granola bars",fresh fruits,"packaged vegetables fruits, energy granola bars → fresh fruits"
frozenset({'energy granola bars'}),"frozenset({'fresh fruits', 'packaged vegetables fruits'})",0.03878,0.2571,0.01356,0.3496647756575554,1.3600341332460342,1.0,0.0035896619999999,1.1423339413164155,0.2754045237127668,0.0480306035704165,0.1245992403520734,0.2012034496724183,energy granola bars,"fresh fruits, packaged vegetables fruits","energy granola bars → fresh fruits, packaged vegetables fruits"
"frozenset({'fresh fruits', 'energy granola bars'})",frozenset({'yogurt'}),0.0268,0.20368,0.0103,0.3843283582089552,1.8869224185435745,1.0,0.004841376,1.2934167272727273,0.4829803790118874,0.046779907348533,0.2268539760510287,0.2174489395129615,"fresh fruits, energy granola bars",yogurt,"fresh fruits, energy granola bars → yogurt"
"frozenset({'yogurt', 'energy granola bars'})",frozenset({'fresh fruits'}),0.01257,0.57912,0.0103,0.8194112967382657,1.4149248804017576,1.0,0.0030204616,2.3305998237885466,0.2969817597491733,0.0177161629886994,0.5709259093762254,0.4185984512424579,"yogurt, energy granola bars",fresh fruits,"yogurt, energy granola bars → fresh fruits"
"frozenset({'packaged vegetables fruits', 'energy granola bars'})",frozenset({'fresh vegetables'}),0.01579,0.44933,0.01015,0.642811906269791,1.430600908619035,1.0,0.0030550793,1.5416807269503543,0.3058219632829971,0.0223091632415324,0.3513572670924347,0.3327005473084428,"packaged vegetables fruits, energy granola bars",fresh vegetables,"packaged vegetables fruits, energy granola bars → fresh vegetables"
"frozenset({'energy granola bars', 'fresh vegetables'})",frozenset({'packaged vegetables fruits'}),0.01697,0.3423,0.01015,0.5981143193871538,1.7473395249405603,1.0,0.004341169,1.6365350439882695,0.4350847678202546,0.0290730980751604,0.3889528955255493,0.3138833355626975,"energy granola bars, fresh vegetables",packaged vegetables fruits,"energy granola bars, fresh vegetables → packaged vegetables fruits"
"frozenset({'fresh fruits', 'fresh dips tapenades'})",frozenset({'fresh vegetables'}),0.05223,0.44933,0.03513,0.6726019529006318,1.4968997238124138,1.0,0.0116614941,1.6819587192982457,0.3502459235809472,0.0753167677893789,0.4054550872584884,0.3753925127376771,"fresh fruits, fresh dips tapenades",fresh vegetables,"fresh fruits, fresh dips tapenades → fresh vegetables"
"frozenset({'fresh vegetables', 'fresh dips tapenades'})",frozenset({'fresh fruits'}),0.04237,0.57912,0.03513,0.8291243804578712,1.4316970238601174,1.0,0.0105926856,2.463078121546962,0.3148692063962741,0.0599119994542601,0.5940039452049781,0.4448926916794122,"fresh vegetables, fresh dips tapenades",fresh fruits,"fresh vegetables, fresh dips tapenades → fresh fruits"
frozenset({'fresh dips tapenades'}),"frozenset({'fresh fruits', 'fresh vegetables'})",0.07143,0.32152,0.03513,0.4918101637967241,1.5296409672702296,1.0,0.0121638264,1.3350916363636365,0.3728871479351643,0.0981778547873232,0.2509877428910567,0.3005362090444183,fresh dips tapenades,"fresh fruits, fresh vegetables","fresh dips tapenades → fresh fruits, fresh vegetables"
"frozenset({'fresh fruits', 'fresh dips tapenades'})",frozenset({'milk'}),0.05223,0.23003,0.01614,0.3090178058587019,1.3433804541090375,1.0,0.0041255331,1.1143123607647547,0.2696954302396316,0.060649331128814,0.1025855628903748,0.1895912834884084,"fresh fruits, fresh dips tapenades",milk,"fresh fruits, fresh dips tapenades → milk"
"frozenset({'fresh dips tapenades', 'milk'})",frozenset({'fresh fruits'}),0.01967,0.57912,0.01614,0.820538891713269,1.4168719638646032,1.0,0.0047487096,2.345243512747876,0.3001233519840847,0.0277010211962584,0.5736050458878279,0.4242043816212428,"fresh dips tapenades, milk",fresh fruits,"fresh dips tapenades, milk → fresh fruits"
"frozenset({'fresh fruits', 'fresh dips tapenades'})",frozenset({'packaged cheese'}),0.05223,0.16892,0.01614,0.3090178058587019,1.8293737026918184,1.0,0.0073173084,1.2027516874480466,0.4783490010379677,0.0787278669333203,0.168573188933318,0.2022829971751478,"fresh fruits, fresh dips tapenades",packaged cheese,"fresh fruits, fresh dips tapenades → packaged cheese"
"frozenset({'packaged cheese', 'fresh dips tapenades'})",frozenset({'fresh fruits'}),0.01948,0.57912,0.01614,0.8285420944558523,1.4306915569413114,1.0,0.0048587424,2.454713293413175,0.3070180347367462,0.0277100573429935,0.5926204487166229,0.4282059829925345,"packaged cheese, fresh dips tapenades",fresh fruits,"packaged cheese, fresh dips tapenades → fresh fruits"
"frozenset({'fresh fruits', 'fresh dips tapenades'})",frozenset({'packaged vegetables fruits'}),0.05223,0.3423,0.03119,0.5971663794753973,1.744570200044982,1.0,0.013311671,1.6326839828897337,0.4503127492911146,0.085842461606209,0.3875116002362739,0.3441426405118734,"fresh fruits, fresh dips tapenades",packaged vegetables fruits,"fresh fruits, fresh dips tapenades → packaged vegetables fruits"
"frozenset({'packaged vegetables fruits', 'fresh dips tapenades'})",frozenset({'fresh fruits'}),0.03744,0.57912,0.03119,0.8330662393162392,1.4385036595459306,1.0,0.0095077472,2.521239551999999,0.3166900662037069,0.0532825392486803,0.603369699953049,0.4434619081648194,"packaged vegetables fruits, fresh dips tapenades",fresh fruits,"packaged vegetables fruits, fresh dips tapenades → fresh fruits"
frozenset({'fresh dips tapenades'}),"frozenset({'fresh fruits', 'packaged vegetables fruits'})",0.07143,0.2571,0.03119,0.4366512669746605,1.6983713223440706,1.0,0.012825347,1.318721346918489,0.4428321065397392,0.1048967511939194,0.2416896849840632,0.2789829652648488,fresh dips tapenades,"fresh fruits, packaged vegetables fruits","fresh dips tapenades → fresh fruits, packaged vegetables fruits"
"frozenset({'soy lactosefree', 'fresh dips tapenades'})",frozenset({'fresh fruits'}),0.01578,0.57912,0.01303,0.8257287705956908,1.42583362791078,1.0,0.0038914864,2.415085963636365,0.303444252062707,0.0223933180951071,0.5859360639509856,0.4241142126220614,"soy lactosefree, fresh dips tapenades",fresh fruits,"soy lactosefree, fresh dips tapenades → fresh fruits"
"frozenset({'water seltzer sparkling water', 'fresh dips tapenades'})",frozenset({'fresh fruits'}),0.01417,0.57912,0.01112,0.7847565278757939,1.3550844865930962,1.0,0.0029138696,1.9553670819672129,0.2658050912363442,0.0191009498943607,0.4885870744055167,0.401979037525409,"water seltzer sparkling water, fresh dips tapenades",fresh fruits,"water seltzer sparkling water, fresh dips tapenades → fresh fruits"
"frozenset({'fresh fruits', 'fresh dips tapenades'})",frozenset({'yogurt'}),0.05223,0.20368,0.01886,0.3610951560405896,1.7728552437185274,1.0,0.0082217936,1.2463827869343722,0.459961968436463,0.0795612739928285,0.1976782650700593,0.2268456927100041,"fresh fruits, fresh dips tapenades",yogurt,"fresh fruits, fresh dips tapenades → yogurt"
"frozenset({'yogurt', 'fresh dips tapenades'})",frozenset({'fresh fruits'}),0.02248,0.57912,0.01886,0.838967971530249,1.4486945219129872,1.0,0.0058413823999999,2.613641546961325,0.3168460502162852,0.0323643477365548,0.6173920631302249,0.4357673121914265,"yogurt, fresh dips tapenades",fresh fruits,"yogurt, fresh dips tapenades → fresh fruits"
"frozenset({'fresh dips tapenades', 'milk'})",frozenset({'fresh vegetables'}),0.01967,0.44933,0.01264,0.6426029486527707,1.430135865962145,1.0,0.0038016789,1.5407793598862018,0.3068005016264867,0.0276974318520466,0.3509778064045085,0.335366860568123,"fresh dips tapenades, milk",fresh vegetables,"fresh dips tapenades, milk → fresh vegetables"
"frozenset({'packaged cheese', 'fresh dips tapenades'})",frozenset({'fresh vegetables'}),0.01948,0.44933,0.0137,0.7032854209445585,1.5651868803430853,1.0,0.0049470516,1.8558912802768164,0.3682726073249975,0.0301026125552064,0.4611753335837407,0.3668876306868209,"packaged cheese, fresh dips tapenades",fresh vegetables,"packaged cheese, fresh dips tapenades → fresh vegetables"
"frozenset({'fresh vegetables', 'fresh dips tapenades'})",frozenset({'packaged cheese'}),0.04237,0.16892,0.0137,0.3233419872551333,1.914172313847581,1.0,0.0065428596,1.2282127520055808,0.4987113944850621,0.0693354926868768,0.1858088117330863,0.2022227340964277,"fresh vegetables, fresh dips tapenades",packaged cheese,"fresh vegetables, fresh dips tapenades → packaged cheese"
"frozenset({'packaged vegetables fruits', 'fresh dips tapenades'})",frozenset({'fresh vegetables'}),0.03744,0.44933,0.02659,0.7102029914529914,1.580582181143016,1.0,0.0097670847999999,1.9001921474654373,0.3816091775823577,0.0577817375809465,0.4737374315887762,0.3846899941574929,"packaged vegetables fruits, fresh dips tapenades",fresh vegetables,"packaged vegetables fruits, fresh dips tapenades → fresh vegetables"
"frozenset({'fresh vegetables', 'fresh dips tapenades'})",frozenset({'packaged vegetables fruits'}),0.04237,0.3423,0.02659,0.6275666745338683,1.8333820465494253,1.0,0.012086749,1.7659536755386562,0.474671791139195,0.0742571492403932,0.4337337304757006,0.3526235359230837,"fresh vegetables, fresh dips tapenades",packaged vegetables fruits,"fresh vegetables, fresh dips tapenades → packaged vegetables fruits"
frozenset({'fresh dips tapenades'}),"frozenset({'packaged vegetables fruits', 'fresh vegetables'})",0.07143,0.21588,0.02659,0.372252554948901,1.724349430002321,1.0,0.0111696916,1.2491010615521858,0.4523850000819946,0.1019868057686407,0.1994242653533911,0.2477114173669834,fresh dips tapenades,"packaged vegetables fruits, fresh vegetables","fresh dips tapenades → packaged vegetables fruits, fresh vegetables"
"frozenset({'soy lactosefree', 'fresh dips tapenades'})",frozenset({'fresh vegetables'}),0.01578,0.44933,0.01048,0.6641318124207858,1.4780491229626016,1.0,0.0033895725999999,1.6395419999999998,0.3286180935156773,0.023051712381497,0.3900735693260678,0.3437277137905678,"soy lactosefree, fresh dips tapenades",fresh vegetables,"soy lactosefree, fresh dips tapenades → fresh vegetables"
"frozenset({'yogurt', 'fresh dips tapenades'})",frozenset({'fresh vegetables'}),0.02248,0.44933,0.01496,0.6654804270462633,1.481050513088962,1.0,0.0048590615999999,1.646151808510638,0.3322730817657956,0.0327459778920871,0.3925226125379325,0.3493872212902515,"yogurt, fresh dips tapenades",fresh vegetables,"yogurt, fresh dips tapenades → fresh vegetables"
"frozenset({'fresh vegetables', 'fresh dips tapenades'})",frozenset({'yogurt'}),0.04237,0.20368,0.01496,0.3530800094406419,1.733503581307158,1.0,0.0063300783999999,1.23094047427946,0.4418549783190799,0.0647366826777446,0.1876130317468378,0.2132642780903131,"fresh vegetables, fresh dips tapenades",yogurt,"fresh vegetables, fresh dips tapenades → yogurt"
"frozenset({'packaged vegetables fruits', 'fresh dips tapenades'})",frozenset({'milk'}),0.03744,0.23003,0.01137,0.3036858974358974,1.3202012669473433,1.0,0.0027576767999999,1.1057797008055237,0.2519736288104193,0.0443967200312378,0.0956607366986991,0.1765571164352029,"packaged vegetables fruits, fresh dips tapenades",milk,"packaged vegetables fruits, fresh dips tapenades → milk"
"frozenset({'fresh dips tapenades', 'milk'})",frozenset({'packaged vegetables fruits'}),0.01967,0.3423,0.01137,0.5780376207422471,1.6886871771611074,1.0,0.004636959,1.5586697590361445,0.4160068656004506,0.0324301197946377,0.3584272780025043,0.305627048758503,"fresh dips tapenades, milk",packaged vegetables fruits,"fresh dips tapenades, milk → packaged vegetables fruits"
"frozenset({'packaged vegetables fruits', 'fresh dips tapenades'})",frozenset({'packaged cheese'}),0.03744,0.16892,0.01228,0.3279914529914529,1.9416969748487625,1.0,0.0059556352,1.2367104610492845,0.5038507519578627,0.063272877164056,0.1914032981078271,0.2003442938648953,"packaged vegetables fruits, fresh dips tapenades",packaged cheese,"packaged vegetables fruits, fresh dips tapenades → packaged cheese"
"frozenset({'packaged cheese', 'fresh dips tapenades'})",frozenset({'packaged vegetables fruits'}),0.01948,0.3423,0.01228,0.6303901437371663,1.841630568907877,1.0,0.0056119959999999,1.7794438888888886,0.4660822131074238,0.0351359084406294,0.4380266743761081,0.3331325536097458,"packaged cheese, fresh dips tapenades",packaged vegetables fruits,"packaged cheese, fresh dips tapenades → packaged vegetables fruits"
"frozenset({'yogurt', 'fresh dips tapenades'})",frozenset({'packaged vegetables fruits'}),0.02248,0.3423,0.01368,0.6085409252669038,1.7777999569585272,1.0,0.005985096,1.680124545454545,0.4475683541450401,0.0389632583309598,0.404806028990275,0.3242529341496658,"yogurt, fresh dips tapenades",packaged vegetables fruits,"yogurt, fresh dips tapenades → packaged vegetables fruits"
"frozenset({'packaged vegetables fruits', 'fresh dips tapenades'})",frozenset({'yogurt'}),0.03744,0.20368,0.01368,0.3653846153846153,1.7939150401836967,1.0,0.0060542207999999,1.2548072727272728,0.4597739361702128,0.0601477312697854,0.2030648676218296,0.2162743972445465,"packaged vegetables fruits, fresh dips tapenades",yogurt,"packaged vegetables fruits, fresh dips tapenades → yogurt"
"frozenset({'fresh fruits', 'fresh herbs'})",frozenset({'fresh vegetables'}),0.06851,0.44933,0.06019,0.8785578747628083,1.9552620006739108,1.0,0.0294064016999999,4.53442328125,0.5244925760156623,0.1315197203102808,0.7794647879180059,0.506256437214489,"fresh fruits, fresh herbs",fresh vegetables,"fresh fruits, fresh herbs → fresh vegetables"
"frozenset({'fresh vegetables', 'fresh herbs'})",frozenset({'fresh fruits'}),0.07633,0.57912,0.06019,0.7885497183283113,1.3616344079436238,1.0,0.0159857704,1.990444262701364,0.2875361075829156,0.1011154789503746,0.4975995968644539,0.446241636343324,"fresh vegetables, fresh herbs",fresh fruits,"fresh vegetables, fresh herbs → fresh fruits"
frozenset({'fresh herbs'}),"frozenset({'fresh fruits', 'fresh vegetables'})",0.09123,0.32152,0.06019,0.6597610435163871,2.052006231389609,1.0,0.0308577304,1.9941279123711333,0.5641383905611221,0.1707227138643068,0.4985276552240112,0.4234827860030306,fresh herbs,"fresh fruits, fresh vegetables","fresh herbs → fresh fruits, fresh vegetables"
"frozenset({'frozen produce', 'fresh herbs'})",frozenset({'fresh fruits'}),0.01378,0.57912,0.01198,0.869375907111756,1.5012016630607752,1.0,0.0039997263999999,3.22207022222222,0.3385319485481554,0.0206224609240515,0.6896405320085441,0.4450312330143667,"frozen produce, fresh herbs",fresh fruits,"frozen produce, fresh herbs → fresh fruits"
"frozenset({'fresh herbs', 'milk'})",frozenset({'fresh fruits'}),0.02259,0.57912,0.0187,0.8277999114652502,1.4294099866439602,1.0,0.0056176792,2.44413347043702,0.3073537741648001,0.0320749215279326,0.5908570411168272,0.4300451415317686,"fresh herbs, milk",fresh fruits,"fresh herbs, milk → fresh fruits"
"frozenset({'packaged cheese', 'fresh herbs'})",frozenset({'fresh fruits'}),0.02158,0.57912,0.01786,0.8276181649675627,1.4290961544542802,1.0,0.0053625904,2.4415565591397868,0.3068794804650313,0.0306430581291606,0.5904252161365774,0.429229029990343,"packaged cheese, fresh herbs",fresh fruits,"packaged cheese, fresh herbs → fresh fruits"
"frozenset({'fresh fruits', 'fresh herbs'})",frozenset({'packaged vegetables fruits'}),0.06851,0.3423,0.03969,0.5793314844548242,1.6924670886790072,1.0,0.016239027,1.563463809854268,0.4392388118461399,0.1069465402026298,0.3603945331531461,0.3476412023501115,"fresh fruits, fresh herbs",packaged vegetables fruits,"fresh fruits, fresh herbs → packaged vegetables fruits"
"frozenset({'packaged vegetables fruits', 'fresh herbs'})",frozenset({'fresh fruits'}),0.04759,0.57912,0.03969,0.8339987392309309,1.4401138610839397,1.0,0.0121296792,2.535402430379748,0.320881197250468,0.0676126878130217,0.6055852956446753,0.4512668789399578,"packaged vegetables fruits, fresh herbs",fresh fruits,"packaged vegetables fruits, fresh herbs → fresh fruits"
frozenset({'fresh herbs'}),"frozenset({'fresh fruits', 'packaged vegetables fruits'})",0.09123,0.2571,0.03969,0.4350542584676093,1.6921596984348868,1.0,0.016234767,1.314993538998836,0.4501020379468329,0.1285964230171073,0.2395399898608283,0.294714993877912,fresh herbs,"fresh fruits, packaged vegetables fruits","fresh herbs → fresh fruits, packaged vegetables fruits"
"frozenset({'soy lactosefree', 'fresh herbs'})",frozenset({'fresh fruits'}),0.01792,0.57912,0.0152,0.8482142857142858,1.4646606674165732,1.0,0.0048221696,2.7728564705882373,0.3230368198110135,0.0261240203492369,0.6393610666087384,0.4372305024371954,"soy lactosefree, fresh herbs",fresh fruits,"soy lactosefree, fresh herbs → fresh fruits"
"frozenset({'water seltzer sparkling water', 'fresh herbs'})",frozenset({'fresh fruits'}),0.0142,0.57912,0.01108,0.780281690140845,1.34735752545387,1.0,0.002856496,1.9155435897435893,0.2615200833789266,0.0190299532838691,0.477954975624513,0.399707083501145,"water seltzer sparkling water, fresh herbs",fresh fruits,"water seltzer sparkling water, fresh herbs → fresh fruits"
"frozenset({'yogurt', 'fresh herbs'})",frozenset({'fresh fruits'}),0.02183,0.57912,0.01868,0.8557031607879065,1.4775921411588386,1.0,0.0060378103999999,2.9167652063492064,0.330436687710712,0.0320813368368626,0.6571544401917566,0.443979498614702,"yogurt, fresh herbs",fresh fruits,"yogurt, fresh herbs → fresh fruits"
"frozenset({'fresh fruits', 'frozen appetizers sides'})",frozenset({'fresh vegetables'}),0.01776,0.44933,0.01189,0.6694819819819819,1.48995611684504,1.0,0.0039098991999999,1.666081635434412,0.3347850764822952,0.0261203866432337,0.3997893148019357,0.3479718013085749,"fresh fruits, frozen appetizers sides",fresh vegetables,"fresh fruits, frozen appetizers sides → fresh vegetables"
"frozenset({'frozen appetizers sides', 'fresh vegetables'})",frozenset({'fresh fruits'}),0.01434,0.57912,0.01189,0.8291492329149233,1.4317399380351623,1.0,0.0035854192,2.463436408163265,0.3059362596897714,0.0204446584246092,0.594062994000483,0.4248401918131737,"frozen appetizers sides, fresh vegetables",fresh fruits,"frozen appetizers sides, fresh vegetables → fresh fruits"
frozenset({'frozen appetizers sides'}),"frozenset({'fresh fruits', 'fresh vegetables'})",0.02374,0.32152,0.01189,0.5008424599831508,1.557733453543017,1.0,0.0042571152,1.3592502278481011,0.3667482519452509,0.0356660767315595,0.2643002888561945,0.268911526085131,frozen appetizers sides,"fresh fruits, fresh vegetables","frozen appetizers sides → fresh fruits, fresh vegetables"
"frozenset({'fresh fruits', 'frozen breakfast'})",frozenset({'fresh vegetables'}),0.02504,0.44933,0.01632,0.6517571884984026,1.4505089544397272,1.0,0.0050687768,1.581281743119266,0.3185636474578344,0.0356292981115598,0.3676016280138787,0.3440389663587866,"fresh fruits, frozen breakfast",fresh vegetables,"fresh fruits, frozen breakfast → fresh vegetables"
"frozenset({'frozen breakfast', 'fresh vegetables'})",frozenset({'fresh fruits'}),0.0196,0.57912,0.01632,0.8326530612244899,1.4377902010369008,1.0,0.004969248,2.5150146341463437,0.3105755153958769,0.028021978021978,0.6023879994879536,0.4304168745824066,"frozen breakfast, fresh vegetables",fresh fruits,"frozen breakfast, fresh vegetables → fresh fruits"
frozenset({'frozen breakfast'}),"frozenset({'fresh fruits', 'fresh vegetables'})",0.03393,0.32152,0.01632,0.4809902740937223,1.4959886604059542,1.0,0.0054108264,1.3072587393526407,0.3431901780348397,0.0481231386194084,0.2350404935940962,0.2658745846706482,frozen breakfast,"fresh fruits, fresh vegetables","frozen breakfast → fresh fruits, fresh vegetables"
"frozenset({'fresh fruits', 'frozen meals'})",frozenset({'fresh vegetables'}),0.01863,0.44933,0.01164,0.6247987117552334,1.3905118993951735,1.0,0.0032689820999999,1.4676655364806863,0.2861717666098801,0.025508415147265,0.3186458527888451,0.3253519742204827,"fresh fruits, frozen meals",fresh vegetables,"fresh fruits, frozen meals → fresh vegetables"
"frozenset({'frozen meals', 'fresh vegetables'})",frozenset({'fresh fruits'}),0.01464,0.57912,0.01164,0.7950819672131147,1.3729140199148964,1.0,0.0031616831999999,2.0538944,0.2756578996927387,0.0199958771387342,0.513120051352202,0.4075907142323344,"frozen meals, fresh vegetables",fresh fruits,"frozen meals, fresh vegetables → fresh fruits"
frozenset({'frozen meals'}),"frozenset({'fresh fruits', 'fresh vegetables'})",0.02846,0.32152,0.01164,0.4089950808151792,1.2720673078352178,1.0,0.0024895408,1.1480107491082046,0.2201433554988725,0.0344032629898918,0.128928016765681,0.2225990581980847,frozen meals,"fresh fruits, fresh vegetables","frozen meals → fresh fruits, fresh vegetables"
"frozenset({'fresh fruits', 'frozen produce'})",frozenset({'fresh vegetables'}),0.07335,0.44933,0.05072,0.6914792092706203,1.5389117336270008,1.0,0.0177616445,1.784871608484313,0.3779098384653107,0.1074667344690227,0.4397356116560196,0.4021791924660804,"fresh fruits, frozen produce",fresh vegetables,"fresh fruits, frozen produce → fresh vegetables"
"frozenset({'frozen produce', 'fresh vegetables'})",frozenset({'fresh fruits'}),0.06178,0.57912,0.05072,0.8209776626740045,1.4176296150607897,1.0,0.0149419664,2.350991537070525,0.313995789193941,0.0859398827476363,0.5746475543480435,0.4542794101462301,"frozen produce, fresh vegetables",fresh fruits,"frozen produce, fresh vegetables → fresh fruits"
frozenset({'frozen produce'}),"frozenset({'fresh fruits', 'fresh vegetables'})",0.09652,0.32152,0.05072,0.5254869457107336,1.6343833842707567,1.0,0.0196868896,1.4298447510917034,0.429614882740819,0.1380812370684961,0.3006233724070476,0.3416188149802735,frozen produce,"fresh fruits, fresh vegetables","frozen produce → fresh fruits, fresh vegetables"
"frozenset({'fresh fruits', 'fruit vegetable snacks'})",frozenset({'fresh vegetables'}),0.01842,0.44933,0.01059,0.5749185667752443,1.279501851145582,1.0,0.0023133414,1.2954459003831418,0.2225451167444844,0.0231647563216379,0.2280650240166421,0.299243495436673,"fresh fruits, fruit vegetable snacks",fresh vegetables,"fresh fruits, fruit vegetable snacks → fresh vegetables"
"frozenset({'fruit vegetable snacks', 'fresh vegetables'})",frozenset({'fresh fruits'}),0.01242,0.57912,0.01059,0.8526570048309179,1.472332167479828,1.0,0.0033973296,2.8564642622950824,0.3248399512884874,0.0182287632326362,0.649916852382907,0.4354716851755086,"fruit vegetable snacks, fresh vegetables",fresh fruits,"fruit vegetable snacks, fresh vegetables → fresh fruits"
frozenset({'fruit vegetable snacks'}),"frozenset({'fresh fruits', 'fresh vegetables'})",0.02592,0.32152,0.01059,0.4085648148148149,1.2707290831513278,1.0,0.0022562016,1.147175577299413,0.2187194052852779,0.0314383256642422,0.1282938551096788,0.2207510563250486,fruit vegetable snacks,"fresh fruits, fresh vegetables","fruit vegetable snacks → fresh fruits, fresh vegetables"
"frozenset({'fresh fruits', 'grains rice dried goods'})",frozenset({'fresh vegetables'}),0.01313,0.44933,0.01075,0.8187357197258187,1.82212565314094,1.0,0.0048502970999999,3.037939957983193,0.4571933769462813,0.0237984547607978,0.6708295707516638,0.4213301147757796,"fresh fruits, grains rice dried goods",fresh vegetables,"fresh fruits, grains rice dried goods → fresh vegetables"
"frozenset({'grains rice dried goods', 'fresh vegetables'})",frozenset({'fresh fruits'}),0.01309,0.57912,0.01075,0.8212375859434683,1.4180784396039998,1.0,0.0031693192,2.354409914529915,0.2987307765628826,0.0184879441406115,0.5752651253171173,0.4199001163589423,"grains rice dried goods, fresh vegetables",fresh fruits,"grains rice dried goods, fresh vegetables → fresh fruits"
frozenset({'grains rice dried goods'}),"frozenset({'fresh fruits', 'fresh vegetables'})",0.01713,0.32152,0.01075,0.6275539988324577,1.9518350299591245,1.0,0.0052423624,1.821686896551724,0.496160854034258,0.032784385483379,0.4510582461273106,0.3304944664478287,grains rice dried goods,"fresh fruits, fresh vegetables","grains rice dried goods → fresh fruits, fresh vegetables"
"frozenset({'fresh fruits', 'hot cereal pancake mixes'})",frozenset({'fresh vegetables'}),0.01467,0.44933,0.01007,0.6864349011588275,1.5276854453493591,1.0,0.0034783289,1.7561584565217392,0.3505576660654502,0.0221840371863503,0.4305753012853933,0.3544230233210513,"fresh fruits, hot cereal pancake mixes",fresh vegetables,"fresh fruits, hot cereal pancake mixes → fresh vegetables"
"frozenset({'hot cereal pancake mixes', 'fresh vegetables'})",frozenset({'fresh fruits'}),0.01205,0.57912,0.01007,0.8356846473029046,1.4430250160638636,1.0,0.003091604,2.561416161616162,0.3107559297076948,0.0173292032352435,0.6095909696419516,0.4265365493732371,"hot cereal pancake mixes, fresh vegetables",fresh fruits,"hot cereal pancake mixes, fresh vegetables → fresh fruits"
frozenset({'hot cereal pancake mixes'}),"frozenset({'fresh fruits', 'fresh vegetables'})",0.01952,0.32152,0.01007,0.5158811475409837,1.6045071769749433,1.0,0.0037939296,1.401474031746032,0.3842563543446529,0.0304257183430522,0.286465551734736,0.2736005638177672,hot cereal pancake mixes,"fresh fruits, fresh vegetables","hot cereal pancake mixes → fresh fruits, fresh vegetables"
"frozenset({'fresh fruits', 'hot dogs bacon sausage'})",frozenset({'fresh vegetables'}),0.03834,0.44933,0.02627,0.6851851851851852,1.5249041577130065,1.0,0.0090426878,1.7491870588235297,0.3579446801167576,0.0569354139575205,0.4283058550224004,0.3718250052959509,"fresh fruits, hot dogs bacon sausage",fresh vegetables,"fresh fruits, hot dogs bacon sausage → fresh vegetables"
"frozenset({'hot dogs bacon sausage', 'fresh vegetables'})",frozenset({'fresh fruits'}),0.03311,0.57912,0.02627,0.7934158864391423,1.3700371018772315,1.0,0.0070953368,2.0373299415204684,0.2793417656631629,0.0448324117687214,0.509161486502429,0.4193889074411487,"hot dogs bacon sausage, fresh vegetables",fresh fruits,"hot dogs bacon sausage, fresh vegetables → fresh fruits"
frozenset({'hot dogs bacon sausage'}),"frozenset({'fresh fruits', 'fresh vegetables'})",0.05453,0.32152,0.02627,0.4817531633962956,1.4983614188737735,1.0,0.0087375144,1.309183099787686,0.3517872366599068,0.0751043513065355,0.2361649030130522,0.2817294057837413,hot dogs bacon sausage,"fresh fruits, fresh vegetables","hot dogs bacon sausage → fresh fruits, fresh vegetables"
"frozenset({'fresh fruits', 'ice cream ice'})",frozenset({'fresh vegetables'}),0.02408,0.44933,0.01459,0.6058970099667774,1.3484454854266965,1.0,0.0037701335999999,1.3972743519494204,0.2647812512413375,0.0317989625561222,0.2843209362536136,0.3191837886279261,"fresh fruits, ice cream ice",fresh vegetables,"fresh fruits, ice cream ice → fresh vegetables"
"frozenset({'ice cream ice', 'fresh vegetables'})",frozenset({'fresh fruits'}),0.0195,0.57912,0.01459,0.7482051282051282,1.291969070667786,1.0,0.00329716,1.671519348268839,0.2304820630114512,0.0249815934112973,0.4017418936635815,0.386699262541575,"ice cream ice, fresh vegetables",fresh fruits,"ice cream ice, fresh vegetables → fresh fruits"
frozenset({'ice cream ice'}),"frozenset({'fresh fruits', 'fresh vegetables'})",0.04113,0.32152,0.01459,0.3547289083394116,1.1032872242454954,1.0,0.0013658824,1.0514650489826676,0.0976333713233235,0.0419180601045796,0.048946038703295,0.2000535559363144,ice cream ice,"fresh fruits, fresh vegetables","ice cream ice → fresh fruits, fresh vegetables"
"frozenset({'fresh fruits', 'juice nectars'})",frozenset({'fresh vegetables'}),0.03115,0.44933,0.01859,0.5967897271268058,1.328176901446166,1.0,0.0045933704999999,1.3657142117834395,0.2550325090251489,0.0402476780185758,0.2677823871407663,0.3190812188034269,"fresh fruits, juice nectars",fresh vegetables,"fresh fruits, juice nectars → fresh vegetables"
"frozenset({'juice nectars', 'fresh vegetables'})",frozenset({'fresh fruits'}),0.02332,0.57912,0.01859,0.7971698113207547,1.376519221095377,1.0,0.0050849215999999,2.075036279069768,0.2800609624732792,0.0318403699580371,0.5180807149799342,0.4146351197783494,"juice nectars, fresh vegetables",fresh fruits,"juice nectars, fresh vegetables → fresh fruits"
frozenset({'juice nectars'}),"frozenset({'fresh fruits', 'fresh vegetables'})",0.04729,0.32152,0.01859,0.3931063649820258,1.2226498039998317,1.0,0.0033853192,1.1179553728222995,0.191143489779042,0.0530809205642167,0.1055099118353169,0.2254627371065889,juice nectars,"fresh fruits, fresh vegetables","juice nectars → fresh fruits, fresh vegetables"
"frozenset({'fresh fruits', 'lunch meat'})",frozenset({'fresh vegetables'}),0.05589,0.44933,0.03711,0.6639828234031132,1.4777175425703006,1.0,0.0119969462999999,1.6388150319488817,0.3424184545723714,0.0792762384909529,0.3898030097937298,0.3732862284286836,"fresh fruits, lunch meat",fresh vegetables,"fresh fruits, lunch meat → fresh vegetables"
"frozenset({'fresh vegetables', 'lunch meat'})",frozenset({'fresh fruits'}),0.0448,0.57912,0.03711,0.8283482142857143,1.430356772837606,1.0,0.011165424,2.451940702210663,0.314985057326514,0.0632402310799066,0.5921597944442936,0.4462140988544195,"fresh vegetables, lunch meat",fresh fruits,"fresh vegetables, lunch meat → fresh fruits"
frozenset({'lunch meat'}),"frozenset({'fresh fruits', 'fresh vegetables'})",0.07633,0.32152,0.03711,0.4861784357395519,1.5121250178513062,1.0,0.0125683784,1.3204583987761347,0.3666666873800268,0.102871874480235,0.2426872357911095,0.3007994691760711,lunch meat,"fresh fruits, fresh vegetables","lunch meat → fresh fruits, fresh vegetables"
"frozenset({'fresh fruits', 'milk'})",frozenset({'fresh vegetables'}),0.15639,0.44933,0.0934,0.5972248865016945,1.3291453642127045,1.0,0.0231292813,1.3671897332909986,0.293544226305695,0.1823079325421611,0.2685726233528147,0.4025449650054596,"fresh fruits, milk",fresh vegetables,"fresh fruits, milk → fresh vegetables"
"frozenset({'fresh vegetables', 'milk'})",frozenset({'fresh fruits'}),0.11551,0.57912,0.0934,0.8085880010388711,1.3962356697038112,1.0,0.0265058487999999,2.1988172229760288,0.3208499033898071,0.1553482028508225,0.5452100385831379,0.4849335916231791,"fresh vegetables, milk",fresh fruits,"fresh vegetables, milk → fresh fruits"
frozenset({'milk'}),"frozenset({'fresh fruits', 'fresh vegetables'})",0.23003,0.32152,0.0934,0.4060339955657957,1.2628576622474363,1.0,0.0194407543999999,1.1422875971602136,0.2703288726257834,0.203863363527229,0.124563724156638,0.3482645718062868,milk,"fresh fruits, fresh vegetables","milk → fresh fruits, fresh vegetables"
"frozenset({'fresh fruits', 'nuts seeds dried fruit'})",frozenset({'fresh vegetables'}),0.02822,0.44933,0.01886,0.6683203401842664,1.4873708414400697,1.0,0.0061799073999999,1.6602465170940168,0.3371881647494195,0.0411170943338638,0.3976798085682286,0.3551469726648526,"fresh fruits, nuts seeds dried fruit",fresh vegetables,"fresh fruits, nuts seeds dried fruit → fresh vegetables"
"frozenset({'fresh vegetables', 'nuts seeds dried fruit'})",frozenset({'fresh fruits'}),0.02204,0.57912,0.01886,0.8557168784029037,1.4776158281580738,1.0,0.0060961951999999,2.917042515723268,0.330518736884584,0.032388803022497,0.6571870328903813,0.4441417656277538,"fresh vegetables, nuts seeds dried fruit",fresh fruits,"fresh vegetables, nuts seeds dried fruit → fresh fruits"
frozenset({'nuts seeds dried fruit'}),"frozenset({'fresh fruits', 'fresh vegetables'})",0.03847,0.32152,0.01886,0.4902521445282037,1.5247951745714226,1.0,0.0064911256,1.331010994390617,0.3579443282770029,0.0552868407938322,0.2486914050940393,0.2744555074469832,nuts seeds dried fruit,"fresh fruits, fresh vegetables","nuts seeds dried fruit → fresh fruits, fresh vegetables"
"frozenset({'fresh fruits', 'oils vinegars'})",frozenset({'fresh vegetables'}),0.02925,0.44933,0.02176,0.7439316239316239,1.6556464601331402,1.0,0.0086170975,2.1504803070761014,0.4079385206632227,0.0476336412591392,0.534987604067089,0.3961796414452591,"fresh fruits, oils vinegars",fresh vegetables,"fresh fruits, oils vinegars → fresh vegetables"
"frozenset({'oils vinegars', 'fresh vegetables'})",frozenset({'fresh fruits'}),0.02851,0.57912,0.02176,0.763240968081375,1.31793232504727,1.0,0.0052492888,1.777672414814815,0.248315163850798,0.0371413453496509,0.4374666605240805,0.4004076093342363,"oils vinegars, fresh vegetables",fresh fruits,"oils vinegars, fresh vegetables → fresh fruits"
frozenset({'oils vinegars'}),"frozenset({'fresh fruits', 'fresh vegetables'})",0.04385,0.32152,0.02176,0.4962371721778791,1.5434099657187086,1.0,0.007661348,1.3468242643730193,0.3682309338000745,0.0633276097901691,0.2575126343855076,0.2819578495873223,oils vinegars,"fresh fruits, fresh vegetables","oils vinegars → fresh fruits, fresh vegetables"
"frozenset({'fresh fruits', 'other creams cheeses'})",frozenset({'fresh vegetables'}),0.04352,0.44933,0.03,0.6893382352941175,1.534146919400257,1.0,0.0104451583999999,1.772570887573964,0.3640138284822125,0.0648158150588743,0.4358476679211098,0.3780521546132083,"fresh fruits, other creams cheeses",fresh vegetables,"fresh fruits, other creams cheeses → fresh vegetables"
"frozenset({'fresh vegetables', 'other creams cheeses'})",frozenset({'fresh fruits'}),0.03928,0.57912,0.03,0.7637474541751527,1.3188069038802883,1.0,0.0072521663999999,1.7814834482758617,0.251622616371055,0.0509857239972807,0.4386700583899275,0.4077750946797852,"fresh vegetables, other creams cheeses",fresh fruits,"fresh vegetables, other creams cheeses → fresh fruits"
frozenset({'other creams cheeses'}),"frozenset({'fresh fruits', 'fresh vegetables'})",0.06531,0.32152,0.03,0.4593477262287551,1.4286754361431795,1.0,0.0090015287999999,1.254928598130841,0.3210165509420235,0.0840736485161001,0.2031419146161347,0.276327259481633,other creams cheeses,"fresh fruits, fresh vegetables","other creams cheeses → fresh fruits, fresh vegetables"
"frozenset({'fresh fruits', 'packaged cheese'})",frozenset({'fresh vegetables'}),0.1199,0.44933,0.08095,0.6751459549624687,1.5025614914705645,1.0,0.0270753329999999,1.6951305006418482,0.3800361700152131,0.1657860244122224,0.4100749177592181,0.4276515388948946,"fresh fruits, packaged cheese",fresh vegetables,"fresh fruits, packaged cheese → fresh vegetables"
"frozenset({'packaged cheese', 'fresh vegetables'})",frozenset({'fresh fruits'}),0.10096,0.57912,0.08095,0.8018026941362916,1.3845190878165,1.0,0.0224820448,2.123540469765117,0.3089156716034816,0.1351125799075325,0.5290883247868551,0.4707918706211227,"packaged cheese, fresh vegetables",fresh fruits,"packaged cheese, fresh vegetables → fresh fruits"
frozenset({'packaged cheese'}),"frozenset({'fresh fruits', 'fresh vegetables'})",0.16892,0.32152,0.08095,0.4792209329860289,1.4904856089388807,1.0,0.0266388416,1.3028173422757756,0.3959639529896623,0.1976849251507973,0.232432692173725,0.3654968810239923,packaged cheese,"fresh fruits, fresh vegetables","packaged cheese → fresh fruits, fresh vegetables"
"frozenset({'fresh fruits', 'packaged poultry'})",frozenset({'fresh vegetables'}),0.01597,0.44933,0.01167,0.7307451471509079,1.626299484011546,1.0,0.0044941998999999,2.04516276744186,0.3913570761914387,0.0257258117849348,0.5110413626144658,0.3783585749552861,"fresh fruits, packaged poultry",fresh vegetables,"fresh fruits, packaged poultry → fresh vegetables"
"frozenset({'packaged poultry', 'fresh vegetables'})",frozenset({'fresh fruits'}),0.01518,0.57912,0.01167,0.7687747035573123,1.3274877461619563,1.0,0.0028789583999999,1.8202160683760689,0.250499967397119,0.0200298645795788,0.4506146729645321,0.3944629837720254,"packaged poultry, fresh vegetables",fresh fruits,"packaged poultry, fresh vegetables → fresh fruits"
frozenset({'packaged poultry'}),"frozenset({'fresh fruits', 'fresh vegetables'})",0.02255,0.32152,0.01167,0.5175166297117516,1.6095938968392376,1.0,0.004419724,1.406224632352941,0.3874625592018614,0.0351083032490974,0.2888760607707694,0.2769064860427382,packaged poultry,"fresh fruits, fresh vegetables","packaged poultry → fresh fruits, fresh vegetables"
"frozenset({'fresh fruits', 'packaged produce'})",frozenset({'fresh vegetables'}),0.04,0.44933,0.01602,0.4004999999999999,0.8913270869961942,1.0,-0.0019532,0.9185487906588824,-0.1126906833444879,0.0338467389237497,-0.0886737973741079,0.2180765417399238,"fresh fruits, packaged produce",fresh vegetables,"fresh fruits, packaged produce → fresh vegetables"
"frozenset({'packaged produce', 'fresh vegetables'})",frozenset({'fresh fruits'}),0.02111,0.57912,0.01602,0.758882046423496,1.3104055229028455,1.0,0.0037947768,1.7455357170923382,0.2419857728483492,0.0274216463258075,0.4271099753456948,0.3932723535059875,"packaged produce, fresh vegetables",fresh fruits,"packaged produce, fresh vegetables → fresh fruits"
"frozenset({'fresh fruits', 'packaged vegetables fruits'})",frozenset({'fresh vegetables'}),0.2571,0.44933,0.17477,0.6797744068455854,1.512862276824573,1.0,0.059247257,1.7196314466172722,0.456321576053193,0.3287251250799383,0.4184800458452166,0.5343656491085915,"fresh fruits, packaged vegetables fruits",fresh vegetables,"fresh fruits, packaged vegetables fruits → fresh vegetables"
"frozenset({'fresh fruits', 'fresh vegetables'})",frozenset({'packaged vegetables fruits'}),0.32152,0.3423,0.17477,0.5435742722070167,1.5880054694917227,1.0,0.064713704,1.4409792436115842,0.5457482121954319,0.3573663224619159,0.3060274778881203,0.5270748953789977,"fresh fruits, fresh vegetables",packaged vegetables fruits,"fresh fruits, fresh vegetables → packaged vegetables fruits"
"frozenset({'packaged vegetables fruits', 'fresh vegetables'})",frozenset({'fresh fruits'}),0.21588,0.57912,0.17477,0.8095701315545675,1.397931571271183,1.0,0.0497495744,2.2101574896618845,0.3630278572725184,0.2817825645325121,0.5475435552997707,0.5556777995802953,"packaged vegetables fruits, fresh vegetables",fresh fruits,"packaged vegetables fruits, fresh vegetables → fresh fruits"
frozenset({'fresh fruits'}),"frozenset({'packaged vegetables fruits', 'fresh vegetables'})",0.57912,0.21588,0.17477,0.301785467606023,1.397931571271183,1.0,0.0497495744,1.1230359203660196,0.6763386320198802,0.2817825645325121,0.1095565316609995,0.5556777995802953,fresh fruits,"packaged vegetables fruits, fresh vegetables","fresh fruits → packaged vegetables fruits, fresh vegetables"
frozenset({'packaged vegetables fruits'}),"frozenset({'fresh fruits', 'fresh vegetables'})",0.3423,0.32152,0.17477,0.5105755185509787,1.588005469491723,1.0,0.064713704,1.3862812869336836,0.5629911008215852,0.3573663224619159,0.2786456764399522,0.5270748953789977,packaged vegetables fruits,"fresh fruits, fresh vegetables","packaged vegetables fruits → fresh fruits, fresh vegetables"
frozenset({'fresh vegetables'}),"frozenset({'fresh fruits', 'packaged vegetables fruits'})",0.44933,0.2571,0.17477,0.3889568913715977,1.512862276824573,1.0,0.059247257,1.2157898346445222,0.6156160656108324,0.3287251250799383,0.177489421687438,0.5343656491085915,fresh vegetables,"fresh fruits, packaged vegetables fruits","fresh vegetables → fresh fruits, packaged vegetables fruits"
"frozenset({'fresh fruits', 'paper goods'})",frozenset({'fresh vegetables'}),0.0163,0.44933,0.01019,0.6251533742331289,1.3913012134358465,1.0,0.0028659209999999,1.4690541734860885,0.2859086924524309,0.0223739680309151,0.3192899090800822,0.3239157920060665,"fresh fruits, paper goods",fresh vegetables,"fresh fruits, paper goods → fresh vegetables"
"frozenset({'paper goods', 'fresh vegetables'})",frozenset({'fresh fruits'}),0.01309,0.57912,0.01019,0.7784568372803667,1.3442064464711403,1.0,0.0026093192,1.899765241379311,0.2594630245736117,0.0175079894161712,0.4736191724015557,0.398026249832337,"paper goods, fresh vegetables",fresh fruits,"paper goods, fresh vegetables → fresh fruits"
frozenset({'paper goods'}),"frozenset({'fresh fruits', 'fresh vegetables'})",0.02778,0.32152,0.01019,0.3668106551475882,1.1408641924222078,1.0,0.0012581744,1.0715278226264924,0.1269995287537245,0.0300492465571643,0.066753117479643,0.1992519312065385,paper goods,"fresh fruits, fresh vegetables","paper goods → fresh fruits, fresh vegetables"
"frozenset({'fresh fruits', 'pasta sauce'})",frozenset({'fresh vegetables'}),0.02766,0.44933,0.02087,0.7545191612436731,1.6792094034310487,1.0,0.0084415321999999,2.243230073637702,0.4159878827181104,0.0457555029378233,0.5542142503562445,0.400483046671288,"fresh fruits, pasta sauce",fresh vegetables,"fresh fruits, pasta sauce → fresh vegetables"
"frozenset({'fresh vegetables', 'pasta sauce'})",frozenset({'fresh fruits'}),0.02648,0.57912,0.02087,0.7881419939577039,1.36093036669033,1.0,0.0055349024,1.9866136185383243,0.2724222904051758,0.0356916867614112,0.4966308542998097,0.4120897150338319,"fresh vegetables, pasta sauce",fresh fruits,"fresh vegetables, pasta sauce → fresh fruits"
frozenset({'pasta sauce'}),"frozenset({'fresh fruits', 'fresh vegetables'})",0.03845,0.32152,0.02087,0.5427828348504552,1.6881775157080594,1.0,0.008507556,1.4839337883959045,0.4239459543351795,0.0615452668829254,0.3261154858661349,0.303846630164715,pasta sauce,"fresh fruits, fresh vegetables","pasta sauce → fresh fruits, fresh vegetables"
"frozenset({'fresh fruits', 'poultry counter'})",frozenset({'fresh vegetables'}),0.02324,0.44933,0.01871,0.8050774526678142,1.791728690868213,1.0,0.0082675708,2.825070816777042,0.452393409036593,0.0412241660423919,0.6460265724804587,0.4233586137217957,"fresh fruits, poultry counter",fresh vegetables,"fresh fruits, poultry counter → fresh vegetables"
"frozenset({'poultry counter', 'fresh vegetables'})",frozenset({'fresh fruits'}),0.02357,0.57912,0.01871,0.7938056851930421,1.370710189931348,1.0,0.0050601416,2.0411813991769554,0.2769795901257963,0.0320387684509743,0.5100876382651637,0.413056662184862,"poultry counter, fresh vegetables",fresh fruits,"poultry counter, fresh vegetables → fresh fruits"
frozenset({'poultry counter'}),"frozenset({'fresh fruits', 'fresh vegetables'})",0.03114,0.32152,0.01871,0.600834938985228,1.868732703984909,1.0,0.0086978672,1.69974796460177,0.4798195718467851,0.0560263512501871,0.4116774834707405,0.329513637693659,poultry counter,"fresh fruits, fresh vegetables","poultry counter → fresh fruits, fresh vegetables"
"frozenset({'fresh fruits', 'refrigerated'})",frozenset({'fresh vegetables'}),0.05524,0.44933,0.03331,0.6030050687907313,1.3420093668144375,1.0,0.0084890107999999,1.3870957957136345,0.2697496910354712,0.0706828502312948,0.2790692588859595,0.3385688331067804,"fresh fruits, refrigerated",fresh vegetables,"fresh fruits, refrigerated → fresh vegetables"
"frozenset({'refrigerated', 'fresh vegetables'})",frozenset({'fresh fruits'}),0.0419,0.57912,0.03331,0.7949880668257756,1.3727518766849285,1.0,0.009044872,2.0529536670547146,0.2834111630985861,0.0566776131085058,0.5128969464592654,0.426253185229437,"refrigerated, fresh vegetables",fresh fruits,"refrigerated, fresh vegetables → fresh fruits"
frozenset({'refrigerated'}),"frozenset({'fresh fruits', 'fresh vegetables'})",0.08461,0.32152,0.03331,0.3936886892802269,1.2244609644197155,1.0,0.0061061928,1.1190290994152046,0.2002579270832223,0.0893460651252615,0.1063681896006174,0.2486451657398895,refrigerated,"fresh fruits, fresh vegetables","refrigerated → fresh fruits, fresh vegetables"
"frozenset({'fresh fruits', 'soft drinks'})",frozenset({'fresh vegetables'}),0.02532,0.44933,0.01091,0.4308846761453396,0.9589492714604848,1.0,-0.0004670356,0.9675894795281056,-0.0420722682693772,0.0235261137706473,-0.0334961480644675,0.2275826358493595,"fresh fruits, soft drinks",fresh vegetables,"fresh fruits, soft drinks → fresh vegetables"
"frozenset({'soft drinks', 'fresh vegetables'})",frozenset({'fresh fruits'}),0.01569,0.57912,0.01091,0.6953473550031868,1.2006964964138465,1.0,0.0018236072,1.3815077824267783,0.1698144529277564,0.0186847062853228,0.2761531909408544,0.35709314151596,"soft drinks, fresh vegetables",fresh fruits,"soft drinks, fresh vegetables → fresh fruits"
"frozenset({'fresh fruits', 'soup broth bouillon'})",frozenset({'fresh vegetables'}),0.03089,0.44933,0.02487,0.8051149239235998,1.7918120844893504,1.0,0.0109901963,2.8256140033222588,0.4559913342780525,0.0546173273306248,0.6460946191432252,0.4302319996067379,"fresh fruits, soup broth bouillon",fresh vegetables,"fresh fruits, soup broth bouillon → fresh vegetables"
"frozenset({'soup broth bouillon', 'fresh vegetables'})",frozenset({'fresh fruits'}),0.03229,0.57912,0.02487,0.7702074945803654,1.329961829293351,1.0,0.0061702152,1.83156539083558,0.2563771391749857,0.0424012002591468,0.4540189473968006,0.4065759810241238,"soup broth bouillon, fresh vegetables",fresh fruits,"soup broth bouillon, fresh vegetables → fresh fruits"
frozenset({'soup broth bouillon'}),"frozenset({'fresh fruits', 'fresh vegetables'})",0.04343,0.32152,0.02487,0.5726456366566889,1.781057590994927,1.0,0.0109063864,1.587628577586207,0.4584461590687331,0.0731298517995765,0.3701297557137851,0.3249984839167993,soup broth bouillon,"fresh fruits, fresh vegetables","soup broth bouillon → fresh fruits, fresh vegetables"
"frozenset({'fresh fruits', 'soy lactosefree'})",frozenset({'fresh vegetables'}),0.10194,0.44933,0.06487,0.6363547184618402,1.416230205999689,1.0,0.0190652997999999,1.5143053628270835,0.3272611015133005,0.1333675986842105,0.339631210092869,0.3903626128307242,"fresh fruits, soy lactosefree",fresh vegetables,"fresh fruits, soy lactosefree → fresh vegetables"
"frozenset({'soy lactosefree', 'fresh vegetables'})",frozenset({'fresh fruits'}),0.08036,0.57912,0.06487,0.8072424091587854,1.3939121583761318,1.0,0.0183319168,2.183467837314396,0.3072883721760092,0.1090967188577386,0.5420129470604101,0.4596285951029457,"soy lactosefree, fresh vegetables",fresh fruits,"soy lactosefree, fresh vegetables → fresh fruits"
frozenset({'soy lactosefree'}),"frozenset({'fresh fruits', 'fresh vegetables'})",0.14592,0.32152,0.06487,0.4445586622807017,1.382678098658565,1.0,0.0179538016,1.2215151338679826,0.3240514518965014,0.1611396775716024,0.1813445676817323,0.3231595252184798,soy lactosefree,"fresh fruits, fresh vegetables","soy lactosefree → fresh fruits, fresh vegetables"
"frozenset({'fresh fruits', 'spreads'})",frozenset({'fresh vegetables'}),0.02883,0.44933,0.01746,0.6056191467221643,1.3478270908289327,1.0,0.0045058160999999,1.396289894459103,0.265725947803703,0.037898849576731,0.2838163450381614,0.3222385008753812,"fresh fruits, spreads",fresh vegetables,"fresh fruits, spreads → fresh vegetables"
"frozenset({'spreads', 'fresh vegetables'})",frozenset({'fresh fruits'}),0.02108,0.57912,0.01746,0.8282732447817837,1.4302273186589718,1.0,0.0052521503999999,2.450870276243094,0.3072880794502054,0.0299619041081786,0.591981668840961,0.4292112183295574,"spreads, fresh vegetables",fresh fruits,"spreads, fresh vegetables → fresh fruits"
frozenset({'spreads'}),"frozenset({'fresh fruits', 'fresh vegetables'})",0.04131,0.32152,0.01746,0.4226579520697168,1.3145619310453995,1.0,0.0041780088,1.175178566037736,0.2496013406610589,0.0505544778064105,0.1490654876631836,0.2384812527206011,spreads,"fresh fruits, fresh vegetables","spreads → fresh fruits, fresh vegetables"
"frozenset({'fresh fruits', 'tofu meat alternatives'})",frozenset({'fresh vegetables'}),0.01248,0.44933,0.0103,0.8253205128205129,1.8367803458939151,1.0,0.0046923616,3.152459449541285,0.4613264413668997,0.0228123408119421,0.6827873550774745,0.4241217657686345,"fresh fruits, tofu meat alternatives",fresh vegetables,"fresh fruits, tofu meat alternatives → fresh vegetables"
"frozenset({'fresh vegetables', 'tofu meat alternatives'})",frozenset({'fresh fruits'}),0.01267,0.57912,0.0103,0.8129439621152328,1.403757359640891,1.0,0.0029625496,2.250020928270042,0.2913171632152184,0.0177131163046656,0.5555596894963715,0.4153647839309414,"fresh vegetables, tofu meat alternatives",fresh fruits,"fresh vegetables, tofu meat alternatives → fresh fruits"
frozenset({'tofu meat alternatives'}),"frozenset({'fresh fruits', 'fresh vegetables'})",0.01636,0.32152,0.0103,0.6295843520782396,1.958149888275192,1.0,0.0050399328,1.8316720792079209,0.4974521817714509,0.0314427010195982,0.4540507488477768,0.3308098421252108,tofu meat alternatives,"fresh fruits, fresh vegetables","tofu meat alternatives → fresh fruits, fresh vegetables"
"frozenset({'fresh fruits', 'tortillas flat bread'})",frozenset({'fresh vegetables'}),0.01801,0.44933,0.01347,0.7479178234314269,1.6645178898168982,1.0,0.0053775666999999,2.184486057268721,0.4065473596700026,0.0296781016590653,0.5422264213257066,0.3889478953135146,"fresh fruits, tortillas flat bread",fresh vegetables,"fresh fruits, tortillas flat bread → fresh vegetables"
"frozenset({'tortillas flat bread', 'fresh vegetables'})",frozenset({'fresh fruits'}),0.01654,0.57912,0.01347,0.8143893591293833,1.4062532102662373,1.0,0.0038913552,2.2675424104234523,0.2937491227395554,0.0231367766536697,0.5589939154376147,0.4188243936135934,"tortillas flat bread, fresh vegetables",fresh fruits,"tortillas flat bread, fresh vegetables → fresh fruits"
frozenset({'tortillas flat bread'}),"frozenset({'fresh fruits', 'fresh vegetables'})",0.02543,0.32152,0.01347,0.5296893432953205,1.6474537922845252,1.0,0.0052937464,1.4426209364548497,0.4032575415838889,0.0403922274199352,0.3068172139124521,0.285792046616558,tortillas flat bread,"fresh fruits, fresh vegetables","tortillas flat bread → fresh fruits, fresh vegetables"
"frozenset({'fresh fruits', 'water seltzer sparkling water'})",frozenset({'fresh vegetables'}),0.09965,0.44933,0.05489,0.5508278976417461,1.225887204597392,1.0,0.0101142654999999,1.225966610813226,0.204658482693867,0.1110931206865146,0.1843171003354933,0.3364937787899381,"fresh fruits, water seltzer sparkling water",fresh vegetables,"fresh fruits, water seltzer sparkling water → fresh vegetables"
"frozenset({'water seltzer sparkling water', 'fresh vegetables'})",frozenset({'fresh fruits'}),0.07161,0.57912,0.05489,0.7665130568356375,1.3235824299551693,1.0,0.0134192168,1.8025847368421055,0.2633319073006364,0.0921220461868958,0.4452410588187548,0.4306473973223635,"water seltzer sparkling water, fresh vegetables",fresh fruits,"water seltzer sparkling water, fresh vegetables → fresh fruits"
frozenset({'water seltzer sparkling water'}),"frozenset({'fresh fruits', 'fresh vegetables'})",0.174,0.32152,0.05489,0.3154597701149426,0.9811513128730488,1.0,-0.0010544799999999,0.9911470069683488,-0.0227289873047196,0.1245716360665411,-0.0089320685724817,0.2430900492774265,water seltzer sparkling water,"fresh fruits, fresh vegetables","water seltzer sparkling water → fresh fruits, fresh vegetables"
"frozenset({'fresh fruits', 'yogurt'})",frozenset({'fresh vegetables'}),0.14829,0.44933,0.09079,0.6122462741924607,1.3625760002502854,1.0,0.0241588542999999,1.420153987826087,0.3124255709546435,0.1791330426375707,0.2958510073046664,0.4071513346347877,"fresh fruits, yogurt",fresh vegetables,"fresh fruits, yogurt → fresh vegetables"
"frozenset({'yogurt', 'fresh vegetables'})",frozenset({'fresh fruits'}),0.10979,0.57912,0.09079,0.8269423444758175,1.4279291761220776,1.0,0.0272084152,2.4320218526315798,0.3366454597822155,0.15179228248512,0.5888194841185552,0.4918573443611301,"yogurt, fresh vegetables",fresh fruits,"yogurt, fresh vegetables → fresh fruits"
frozenset({'yogurt'}),"frozenset({'fresh fruits', 'fresh vegetables'})",0.20368,0.32152,0.09079,0.4457482325216025,1.386377931455594,1.0,0.0253028064,1.224136826999734,0.3499798599939278,0.2089961096659837,0.1830978547954288,0.3640628448002389,yogurt,"fresh fruits, fresh vegetables","yogurt → fresh fruits, fresh vegetables"
"frozenset({'fresh fruits', 'frozen appetizers sides'})",frozenset({'packaged vegetables fruits'}),0.01776,0.3423,0.01061,0.5974099099099098,1.7452816532571132,1.0,0.0045307519999999,1.633671608391608,0.4347476978124899,0.0303619974245242,0.3878818760983881,0.314203056035878,"fresh fruits, frozen appetizers sides",packaged vegetables fruits,"fresh fruits, frozen appetizers sides → packaged vegetables fruits"
"frozenset({'packaged vegetables fruits', 'frozen appetizers sides'})",frozenset({'fresh fruits'}),0.01238,0.57912,0.01061,0.85702746365105,1.4798788915096182,1.0,0.0034404944,2.9437821468926537,0.328333801682549,0.0182650760040627,0.6603009495605635,0.4376741821639695,"packaged vegetables fruits, frozen appetizers sides",fresh fruits,"packaged vegetables fruits, frozen appetizers sides → fresh fruits"
frozenset({'frozen appetizers sides'}),"frozenset({'fresh fruits', 'packaged vegetables fruits'})",0.02374,0.2571,0.01061,0.4469250210614995,1.7383314704842456,1.0,0.004506446,1.343217517136329,0.4350641437915182,0.0392628501646745,0.2555189407208232,0.2440965050853977,frozen appetizers sides,"fresh fruits, packaged vegetables fruits","frozen appetizers sides → fresh fruits, packaged vegetables fruits"
"frozenset({'fresh fruits', 'frozen breakfast'})",frozenset({'milk'}),0.02504,0.23003,0.01026,0.4097444089456869,1.78126509127369,1.0,0.0045000488,1.3044687956698244,0.4498658894348001,0.0419100526939259,0.2334044299721897,0.22717364341559,"fresh fruits, frozen breakfast",milk,"fresh fruits, frozen breakfast → milk"
"frozenset({'frozen breakfast', 'milk'})",frozenset({'fresh fruits'}),0.01254,0.57912,0.01026,0.8181818181818181,1.4128018686659385,1.0,0.0029978352,2.31484,0.2958972177775977,0.0176470588235294,0.5680047001088627,0.4179491768074445,"frozen breakfast, milk",fresh fruits,"frozen breakfast, milk → fresh fruits"
frozenset({'frozen breakfast'}),"frozenset({'fresh fruits', 'milk'})",0.03393,0.15639,0.01026,0.3023872679045092,1.933546057321499,1.0,0.0049536873,1.2092812547528515,0.4997728180316017,0.0569810063312229,0.1730625145559076,0.1839962428147138,frozen breakfast,"fresh fruits, milk","frozen breakfast → fresh fruits, milk"
"frozenset({'fresh fruits', 'frozen breakfast'})",frozenset({'packaged vegetables fruits'}),0.02504,0.3423,0.01424,0.5686900958466453,1.6613791873989054,1.0,0.0056688079999999,1.5248896296296293,0.4083146482298783,0.0403285188331917,0.3442148332775511,0.305145515349557,"fresh fruits, frozen breakfast",packaged vegetables fruits,"fresh fruits, frozen breakfast → packaged vegetables fruits"
"frozenset({'frozen breakfast', 'packaged vegetables fruits'})",frozenset({'fresh fruits'}),0.01673,0.57912,0.01424,0.8511655708308429,1.4697568221281303,1.0,0.0045513224,2.827840321285142,0.325053481829662,0.0244837605955881,0.6463732437531907,0.4378773012325233,"frozen breakfast, packaged vegetables fruits",fresh fruits,"frozen breakfast, packaged vegetables fruits → fresh fruits"
frozenset({'frozen breakfast'}),"frozenset({'fresh fruits', 'packaged vegetables fruits'})",0.03393,0.2571,0.01424,0.4196875921013852,1.6323904788074104,1.0,0.0055165969999999,1.2801725241239208,0.401007664785265,0.0514469453376205,0.2188552861776621,0.2375373005236603,frozen breakfast,"fresh fruits, packaged vegetables fruits","frozen breakfast → fresh fruits, packaged vegetables fruits"
"frozenset({'fresh fruits', 'frozen breakfast'})",frozenset({'yogurt'}),0.02504,0.20368,0.01035,0.4133386581469648,2.029353192001988,1.0,0.0052498528,1.3573759564329475,0.5202594512486378,0.0473966204148921,0.2632844310666125,0.2320768310373473,"fresh fruits, frozen breakfast",yogurt,"fresh fruits, frozen breakfast → yogurt"
"frozenset({'yogurt', 'frozen breakfast'})",frozenset({'fresh fruits'}),0.01223,0.57912,0.01035,0.8462796402289452,1.4613200031581457,1.0,0.0032673624,2.737958723404255,0.3195958455974539,0.0178141135972461,0.6347643989473133,0.4320757919337846,"yogurt, frozen breakfast",fresh fruits,"yogurt, frozen breakfast → fresh fruits"
frozenset({'frozen breakfast'}),"frozenset({'fresh fruits', 'yogurt'})",0.03393,0.14829,0.01035,0.3050397877984084,2.05704894327607,1.0,0.0053185202999999,1.225552175572519,0.5319145565561231,0.0602199336707977,0.1840412673309089,0.1874177292218827,frozen breakfast,"fresh fruits, yogurt","frozen breakfast → fresh fruits, yogurt"
"frozenset({'frozen produce', 'milk'})",frozenset({'fresh fruits'}),0.0263,0.57912,0.02192,0.8334600760456273,1.4391837202058768,1.0,0.0066891439999999,2.527201826484018,0.3134042095431003,0.0375664095972579,0.6043054458411599,0.4356553039435209,"frozen produce, milk",fresh fruits,"frozen produce, milk → fresh fruits"
"frozenset({'frozen produce', 'packaged cheese'})",frozenset({'fresh fruits'}),0.02423,0.57912,0.02021,0.8340899711101939,1.4402713964466674,1.0,0.0061779223999999,2.5367966169154217,0.3132771172171685,0.0346572006722227,0.6058020602314054,0.4344938735230483,"frozen produce, packaged cheese",fresh fruits,"frozen produce, packaged cheese → fresh fruits"
"frozenset({'fresh fruits', 'frozen produce'})",frozenset({'packaged vegetables fruits'}),0.07335,0.3423,0.04345,0.5923653715064758,1.7305444683215772,1.0,0.018342295,1.6134546822742477,0.4555627050854518,0.1167383127350886,0.380211907414438,0.3596504041289318,"fresh fruits, frozen produce",packaged vegetables fruits,"fresh fruits, frozen produce → packaged vegetables fruits"
"frozenset({'frozen produce', 'packaged vegetables fruits'})",frozenset({'fresh fruits'}),0.05172,0.57912,0.04345,0.8401005413766435,1.450650195774008,1.0,0.0134979136,2.63215400241838,0.3275972685911427,0.0739712967534347,0.6200830198076495,0.4575640847510376,"frozen produce, packaged vegetables fruits",fresh fruits,"frozen produce, packaged vegetables fruits → fresh fruits"
frozenset({'frozen produce'}),"frozenset({'fresh fruits', 'packaged vegetables fruits'})",0.09652,0.2571,0.04345,0.4501657687525902,1.750936479006574,1.0,0.018634708,1.3511345016016585,0.4746945744069104,0.1400844698068801,0.2598812340188318,0.3095830788531523,frozen produce,"fresh fruits, packaged vegetables fruits","frozen produce → fresh fruits, packaged vegetables fruits"
"frozenset({'frozen produce', 'soy lactosefree'})",frozenset({'fresh fruits'}),0.02421,0.57912,0.01981,0.8182569186286659,1.4129315489512813,1.0,0.0057895048,2.315796545454546,0.2995025881487326,0.0339491362763915,0.5681831368291815,0.4262319957143882,"frozen produce, soy lactosefree",fresh fruits,"frozen produce, soy lactosefree → fresh fruits"
"frozenset({'frozen produce', 'water seltzer sparkling water'})",frozenset({'fresh fruits'}),0.0166,0.57912,0.01338,0.8060240963855422,1.3918084272439948,1.0,0.0037666079999999,2.169754037267081,0.2862622675425516,0.0229762681594944,0.5391182674052989,0.4145640581388962,"frozen produce, water seltzer sparkling water",fresh fruits,"frozen produce, water seltzer sparkling water → fresh fruits"
"frozenset({'fresh fruits', 'frozen produce'})",frozenset({'yogurt'}),0.07335,0.20368,0.024,0.32719836400818,1.606433444659171,1.0,0.009060072,1.183588085106383,0.40738466519182,0.0948504129945066,0.1551114677619298,0.2225151285869651,"fresh fruits, frozen produce",yogurt,"fresh fruits, frozen produce → yogurt"
"frozenset({'yogurt', 'frozen produce'})",frozenset({'fresh fruits'}),0.02816,0.57912,0.024,0.8522727272727273,1.4716686131936858,1.0,0.0076919808,2.849033846153847,0.3297859729996708,0.0411466191194623,0.6490038188384512,0.4468574577101307,"yogurt, frozen produce",fresh fruits,"yogurt, frozen produce → fresh fruits"
"frozenset({'fresh fruits', 'fruit vegetable snacks'})",frozenset({'packaged vegetables fruits'}),0.01842,0.3423,0.01026,0.5570032573289903,1.6272370941542222,1.0,0.003954834,1.4846610294117646,0.392694842507765,0.0292758089368258,0.3264455790314585,0.2934884823016555,"fresh fruits, fruit vegetable snacks",packaged vegetables fruits,"fresh fruits, fruit vegetable snacks → packaged vegetables fruits"
"frozenset({'fruit vegetable snacks', 'packaged vegetables fruits'})",frozenset({'fresh fruits'}),0.01177,0.57912,0.01026,0.8717077315208157,1.505228159139411,1.0,0.0034437576,3.2806341721854326,0.3396465285296833,0.0176704613953808,0.6951808865254128,0.4447121334769432,"fruit vegetable snacks, packaged vegetables fruits",fresh fruits,"fruit vegetable snacks, packaged vegetables fruits → fresh fruits"
frozenset({'fruit vegetable snacks'}),"frozenset({'fresh fruits', 'packaged vegetables fruits'})",0.02592,0.2571,0.01026,0.3958333333333333,1.5396084532607288,1.0,0.003595968,1.2296275862068966,0.359810498651359,0.037615486141663,0.1867456364696909,0.2178699922209257,fruit vegetable snacks,"fresh fruits, packaged vegetables fruits","fruit vegetable snacks → fresh fruits, packaged vegetables fruits"
"frozenset({'fresh fruits', 'hot dogs bacon sausage'})",frozenset({'milk'}),0.03834,0.23003,0.01364,0.3557642149191445,1.546599204100093,1.0,0.0048206497999999,1.195168008097166,0.367510422928876,0.0535468927884426,0.1632975504489064,0.207530414202171,"fresh fruits, hot dogs bacon sausage",milk,"fresh fruits, hot dogs bacon sausage → milk"
"frozenset({'hot dogs bacon sausage', 'milk'})",frozenset({'fresh fruits'}),0.01699,0.57912,0.01364,0.8028251912889934,1.3862846927907748,1.0,0.0038007511999999,2.1345525970149244,0.2834634934337919,0.0234175150651535,0.5315177515895111,0.4131890841097543,"hot dogs bacon sausage, milk",fresh fruits,"hot dogs bacon sausage, milk → fresh fruits"
"frozenset({'fresh fruits', 'hot dogs bacon sausage'})",frozenset({'packaged cheese'}),0.03834,0.16892,0.01268,0.3307250912884716,1.957880009995688,1.0,0.0062036072,1.2417617770849572,0.508748902971472,0.0651659985610031,0.1946925582236025,0.2028951054358531,"fresh fruits, hot dogs bacon sausage",packaged cheese,"fresh fruits, hot dogs bacon sausage → packaged cheese"
"frozenset({'hot dogs bacon sausage', 'packaged cheese'})",frozenset({'fresh fruits'}),0.01584,0.57912,0.01268,0.8005050505050505,1.3822783715034026,1.0,0.0035067392,2.109727594936709,0.2810078841274815,0.021776464930961,0.5260051570638912,0.4112001699548322,"hot dogs bacon sausage, packaged cheese",fresh fruits,"hot dogs bacon sausage, packaged cheese → fresh fruits"
"frozenset({'fresh fruits', 'hot dogs bacon sausage'})",frozenset({'packaged vegetables fruits'}),0.03834,0.3423,0.02125,0.5542514345331248,1.61919788061094,1.0,0.008126218,1.4754954944411938,0.3976564054068273,0.0591279668326887,0.3222615699150445,0.3081657406378741,"fresh fruits, hot dogs bacon sausage",packaged vegetables fruits,"fresh fruits, hot dogs bacon sausage → packaged vegetables fruits"
"frozenset({'hot dogs bacon sausage', 'packaged vegetables fruits'})",frozenset({'fresh fruits'}),0.02558,0.57912,0.02125,0.8307271305707585,1.4344645851822742,1.0,0.0064361104,2.4863996304849905,0.3108267313164877,0.0364212871711372,0.5978120380411485,0.4337103673298605,"hot dogs bacon sausage, packaged vegetables fruits",fresh fruits,"hot dogs bacon sausage, packaged vegetables fruits → fresh fruits"
frozenset({'hot dogs bacon sausage'}),"frozenset({'fresh fruits', 'packaged vegetables fruits'})",0.05453,0.2571,0.02125,0.3896937465615258,1.515728302456343,1.0,0.007230337,1.2172577223557692,0.3598751445748427,0.0731799710723879,0.1784812849125397,0.236173205447235,hot dogs bacon sausage,"fresh fruits, packaged vegetables fruits","hot dogs bacon sausage → fresh fruits, packaged vegetables fruits"
"frozenset({'fresh fruits', 'hot dogs bacon sausage'})",frozenset({'yogurt'}),0.03834,0.20368,0.01227,0.3200312989045383,1.5712455759256596,1.0,0.0044609088,1.1711127272727275,0.3780569529654483,0.0534058759521218,0.1461112353131132,0.190136427142764,"fresh fruits, hot dogs bacon sausage",yogurt,"fresh fruits, hot dogs bacon sausage → yogurt"
"frozenset({'yogurt', 'hot dogs bacon sausage'})",frozenset({'fresh fruits'}),0.01491,0.57912,0.01227,0.8229376257545271,1.4210139966751747,1.0,0.0036353208,2.3770154545454543,0.3007615180482809,0.0210911716171617,0.579304375961146,0.422062472222477,"yogurt, hot dogs bacon sausage",fresh fruits,"yogurt, hot dogs bacon sausage → fresh fruits"
"frozenset({'fresh fruits', 'ice cream ice'})",frozenset({'packaged vegetables fruits'}),0.02408,0.3423,0.0116,0.4817275747508305,1.4073256638937497,1.0,0.0033574159999999,1.2690237179487176,0.2965739136333955,0.0326963188454817,0.2119926634496435,0.257807988368696,"fresh fruits, ice cream ice",packaged vegetables fruits,"fresh fruits, ice cream ice → packaged vegetables fruits"
"frozenset({'packaged vegetables fruits', 'ice cream ice'})",frozenset({'fresh fruits'}),0.01456,0.57912,0.0116,0.7967032967032966,1.3757136633224492,1.0,0.0031680128,2.0702745945945944,0.2771397058411856,0.0199285321605277,0.516972288308536,0.4083668438206357,"packaged vegetables fruits, ice cream ice",fresh fruits,"packaged vegetables fruits, ice cream ice → fresh fruits"
"frozenset({'fresh fruits', 'juice nectars'})",frozenset({'milk'}),0.03115,0.23003,0.01059,0.3399678972712681,1.4779285191986613,1.0,0.0034245655,1.166564469844358,0.3337743612490358,0.0422602657727762,0.1427820528998117,0.1930026853221532,"fresh fruits, juice nectars",milk,"fresh fruits, juice nectars → milk"
"frozenset({'juice nectars', 'milk'})",frozenset({'fresh fruits'}),0.01381,0.57912,0.01059,0.7668356263577119,1.3241394294061886,1.0,0.0025923528,1.8050785093167707,0.2482204456001977,0.0181852526015729,0.4460074756645881,0.3925609959389056,"juice nectars, milk",fresh fruits,"juice nectars, milk → fresh fruits"
"frozenset({'fresh fruits', 'juice nectars'})",frozenset({'packaged vegetables fruits'}),0.03115,0.3423,0.0158,0.507223113964687,1.481808688181966,1.0,0.005137355,1.3346811074918563,0.3356030867863048,0.0441772682790437,0.2507573574041158,0.2766907273007776,"fresh fruits, juice nectars",packaged vegetables fruits,"fresh fruits, juice nectars → packaged vegetables fruits"
"frozenset({'juice nectars', 'packaged vegetables fruits'})",frozenset({'fresh fruits'}),0.01918,0.57912,0.0158,0.8237747653806049,1.4224595340872443,1.0,0.0046924784,2.388307218934913,0.3028000079499484,0.0271244635193133,0.5812933980721463,0.4255287696221991,"juice nectars, packaged vegetables fruits",fresh fruits,"juice nectars, packaged vegetables fruits → fresh fruits"
frozenset({'juice nectars'}),"frozenset({'fresh fruits', 'packaged vegetables fruits'})",0.04729,0.2571,0.0158,0.3341086910551914,1.299528164353137,1.0,0.003641741,1.1156475389012386,0.24193084643686,0.0547489518001316,0.1036595652916831,0.1977816889737256,juice nectars,"fresh fruits, packaged vegetables fruits","juice nectars → fresh fruits, packaged vegetables fruits"
"frozenset({'fresh fruits', 'juice nectars'})",frozenset({'yogurt'}),0.03115,0.20368,0.01024,0.3287319422150883,1.6139627956357436,1.0,0.003895368,1.1862921090387375,0.3926376954636941,0.045594193864375,0.1570372993458512,0.1895034416495708,"fresh fruits, juice nectars",yogurt,"fresh fruits, juice nectars → yogurt"
"frozenset({'yogurt', 'juice nectars'})",frozenset({'fresh fruits'}),0.01271,0.57912,0.01024,0.8056648308418568,1.3911880626499808,1.0,0.0028793848,2.165742834008097,0.28480985513375,0.0176069052081363,0.5382646617607318,0.411673415559069,"yogurt, juice nectars",fresh fruits,"yogurt, juice nectars → fresh fruits"
"frozenset({'fresh fruits', 'lunch meat'})",frozenset({'milk'}),0.05589,0.23003,0.02028,0.3628556092324208,1.5774273322280608,1.0,0.0074236232999999,1.2084701853411963,0.3877264044863892,0.076343924107815,0.1725075122828432,0.2255090114153235,"fresh fruits, lunch meat",milk,"fresh fruits, lunch meat → milk"
"frozenset({'milk', 'lunch meat'})",frozenset({'fresh fruits'}),0.02487,0.57912,0.02028,0.8154402895054282,1.4080679125318212,1.0,0.0058772856,2.280454379084968,0.2971983040707605,0.0347432800534512,0.5614908988439181,0.4252294692450473,"milk, lunch meat",fresh fruits,"milk, lunch meat → fresh fruits"
"frozenset({'fresh fruits', 'lunch meat'})",frozenset({'packaged cheese'}),0.05589,0.16892,0.02023,0.3619609948112364,2.142795375392117,1.0,0.0107890612,1.302553595064498,0.5648916772031972,0.0988855215563593,0.232277271515662,0.2408609141709509,"fresh fruits, lunch meat",packaged cheese,"fresh fruits, lunch meat → packaged cheese"
"frozenset({'packaged cheese', 'lunch meat'})",frozenset({'fresh fruits'}),0.02522,0.57912,0.02023,0.8021411578112609,1.385103532620633,1.0,0.0056245936,2.127173066132265,0.2852257006224923,0.0346338874527058,0.5298925057290937,0.4185367344519766,"packaged cheese, lunch meat",fresh fruits,"packaged cheese, lunch meat → fresh fruits"
"frozenset({'fresh fruits', 'lunch meat'})",frozenset({'packaged vegetables fruits'}),0.05589,0.3423,0.03204,0.573268921095008,1.6747558314198308,1.0,0.0129088529999999,1.5412516981132074,0.4267490374086336,0.0875051208521097,0.3511767083700898,0.3334355122565312,"fresh fruits, lunch meat",packaged vegetables fruits,"fresh fruits, lunch meat → packaged vegetables fruits"
"frozenset({'packaged vegetables fruits', 'lunch meat'})",frozenset({'fresh fruits'}),0.03777,0.57912,0.03204,0.8482922954725973,1.4647953713782935,1.0,0.0101666376,2.774282303664922,0.3297660502341997,0.0547832777635291,0.6395464157778876,0.4518088083247777,"packaged vegetables fruits, lunch meat",fresh fruits,"packaged vegetables fruits, lunch meat → fresh fruits"
frozenset({'lunch meat'}),"frozenset({'fresh fruits', 'packaged vegetables fruits'})",0.07633,0.2571,0.03204,0.4197563212367352,1.6326578033323036,1.0,0.012415557,1.2803241589523595,0.4195240497431088,0.1063074421845449,0.2189478008301726,0.2721885456825449,lunch meat,"fresh fruits, packaged vegetables fruits","lunch meat → fresh fruits, packaged vegetables fruits"
"frozenset({'soy lactosefree', 'lunch meat'})",frozenset({'fresh fruits'}),0.01437,0.57912,0.01168,0.812804453723034,1.4035164624309884,1.0,0.0033580456,2.24834408921933,0.2916955694424774,0.0200752823086574,0.5552282211628826,0.4164864926440836,"soy lactosefree, lunch meat",fresh fruits,"soy lactosefree, lunch meat → fresh fruits"
"frozenset({'water seltzer sparkling water', 'lunch meat'})",frozenset({'fresh fruits'}),0.01511,0.57912,0.01167,0.772336201191264,1.3336375901216744,1.0,0.0029194968,1.8486909302325576,0.2540091841712857,0.0200322713540236,0.4590766992759552,0.3962437325890012,"water seltzer sparkling water, lunch meat",fresh fruits,"water seltzer sparkling water, lunch meat → fresh fruits"
"frozenset({'fresh fruits', 'lunch meat'})",frozenset({'yogurt'}),0.05589,0.20368,0.01992,0.3564143853998926,1.7498742409656942,1.0,0.0085363248,1.2373178982485404,0.453898763328196,0.0831212184435635,0.1918002629594793,0.2271074283637326,"fresh fruits, lunch meat",yogurt,"fresh fruits, lunch meat → yogurt"
"frozenset({'yogurt', 'lunch meat'})",frozenset({'fresh fruits'}),0.02368,0.57912,0.01992,0.8412162162162162,1.4525766960495514,1.0,0.0062064384,2.650648510638298,0.3191250745360993,0.0341751303870436,0.6227338343856117,0.4378066161893348,"yogurt, lunch meat",fresh fruits,"yogurt, lunch meat → fresh fruits"
"frozenset({'fresh fruits', 'other creams cheeses'})",frozenset({'milk'}),0.04352,0.23003,0.017,0.390625,1.6981480676433507,1.0,0.0069890944,1.2635405128205128,0.4298293743726998,0.0662638861820308,0.2085730612881021,0.2322642019519193,"fresh fruits, other creams cheeses",milk,"fresh fruits, other creams cheeses → milk"
"frozenset({'milk', 'other creams cheeses'})",frozenset({'fresh fruits'}),0.02222,0.57912,0.017,0.7650765076507652,1.3211018573883917,1.0,0.0041319536,1.7915619923371655,0.2485795313032043,0.0290926515384878,0.4418278550911547,0.3972156954609676,"milk, other creams cheeses",fresh fruits,"milk, other creams cheeses → fresh fruits"
"frozenset({'fresh fruits', 'packaged cheese'})",frozenset({'milk'}),0.1199,0.23003,0.04602,0.3838198498748957,1.6685643171538307,1.0,0.0184394029999999,1.249585855441256,0.4552691480823683,0.1514264091342831,0.199734859637253,0.29194035575082,"fresh fruits, packaged cheese",milk,"fresh fruits, packaged cheese → milk"
"frozenset({'packaged cheese', 'milk'})",frozenset({'fresh fruits'}),0.05748,0.57912,0.04602,0.8006263048016701,1.3824877483106612,1.0,0.0127321824,2.111010680628272,0.2935389002082187,0.0779233973382099,0.5262932541381631,0.4400458502872834,"packaged cheese, milk",fresh fruits,"packaged cheese, milk → fresh fruits"
"frozenset({'fresh fruits', 'packaged vegetables fruits'})",frozenset({'milk'}),0.2571,0.23003,0.07797,0.3032672112018669,1.3183811294260182,1.0,0.0188292869999999,1.1051152068330263,0.3250693198161525,0.1905611496724997,0.0951169671569891,0.3211114997886481,"fresh fruits, packaged vegetables fruits",milk,"fresh fruits, packaged vegetables fruits → milk"
"frozenset({'fresh fruits', 'milk'})",frozenset({'packaged vegetables fruits'}),0.15639,0.3423,0.07797,0.4985612890849798,1.4565039120215597,1.0,0.0244377029999999,1.3116258990053555,0.3715276401109855,0.1853251568739304,0.2375874853048195,0.3631719679430157,"fresh fruits, milk",packaged vegetables fruits,"fresh fruits, milk → packaged vegetables fruits"
"frozenset({'packaged vegetables fruits', 'milk'})",frozenset({'fresh fruits'}),0.09306,0.57912,0.07797,0.837846550612508,1.4467580995519205,1.0,0.0240770927999999,2.595566123260437,0.3404849779927519,0.1312162366840006,0.6147275960190743,0.4862409296784049,"packaged vegetables fruits, milk",fresh fruits,"packaged vegetables fruits, milk → fresh fruits"
frozenset({'milk'}),"frozenset({'fresh fruits', 'packaged vegetables fruits'})",0.23003,0.2571,0.07797,0.3389557883754293,1.3183811294260182,1.0,0.0188292869999999,1.123828008680784,0.3136407882013841,0.1905611496724997,0.1101841275749485,0.3211114997886481,milk,"fresh fruits, packaged vegetables fruits","milk → fresh fruits, packaged vegetables fruits"
"frozenset({'fresh fruits', 'refrigerated'})",frozenset({'milk'}),0.05524,0.23003,0.01742,0.3153511947863867,1.3709133364621429,1.0,0.0047131428,1.1246203807509256,0.2863788561904739,0.0650364009706925,0.1108110637900005,0.1955402237462777,"fresh fruits, refrigerated",milk,"fresh fruits, refrigerated → milk"
"frozenset({'refrigerated', 'milk'})",frozenset({'fresh fruits'}),0.02303,0.57912,0.01742,0.7564046895353888,1.3061277274751153,1.0,0.0040828664,1.7277836720142612,0.2399030616545661,0.0297915277136456,0.4212238394207108,0.3932424055495703,"refrigerated, milk",fresh fruits,"refrigerated, milk → fresh fruits"
"frozenset({'soy lactosefree', 'milk'})",frozenset({'fresh fruits'}),0.03287,0.57912,0.02527,0.76878612716763,1.327507471970628,1.0,0.0062343256,1.8203059999999995,0.2550934945959399,0.0430699481865285,0.4506418151673398,0.4062106488856522,"soy lactosefree, milk",fresh fruits,"soy lactosefree, milk → fresh fruits"
"frozenset({'water seltzer sparkling water', 'milk'})",frozenset({'fresh fruits'}),0.03696,0.57912,0.02719,0.7356601731601732,1.2703069711979784,1.0,0.0057857247999999,1.5921929170931426,0.2209552061477993,0.0461716109969603,0.3719354047713676,0.3913053594078252,"water seltzer sparkling water, milk",fresh fruits,"water seltzer sparkling water, milk → fresh fruits"
"frozenset({'fresh fruits', 'yogurt'})",frozenset({'milk'}),0.14829,0.23003,0.05709,0.3849888731539551,1.6736463641870845,1.0,0.0229788513,1.2519610888157895,0.472581292102211,0.1777231267316253,0.2012531308414029,0.3165869462496289,"fresh fruits, yogurt",milk,"fresh fruits, yogurt → milk"
"frozenset({'fresh fruits', 'milk'})",frozenset({'yogurt'}),0.15639,0.20368,0.05709,0.3650489161711107,1.7922668704394673,1.0,0.0252364848,1.2541438549848942,0.5239949476944176,0.1884282790943296,0.2026433044141936,0.3226707660195694,"fresh fruits, milk",yogurt,"fresh fruits, milk → yogurt"
"frozenset({'yogurt', 'milk'})",frozenset({'fresh fruits'}),0.07134,0.57912,0.05709,0.8002523128679563,1.3818419548072185,1.0,0.0157755792,2.1070581894736846,0.2975558758013158,0.0962131553668031,0.5254046589715745,0.4494164589619516,"yogurt, milk",fresh fruits,"yogurt, milk → fresh fruits"
"frozenset({'fresh fruits', 'nuts seeds dried fruit'})",frozenset({'packaged vegetables fruits'}),0.02822,0.3423,0.01572,0.5570517363571935,1.6273787214641935,1.0,0.006060294,1.48482352,0.3967100429070194,0.0443066516347237,0.32651928897247,0.3014881819384565,"fresh fruits, nuts seeds dried fruit",packaged vegetables fruits,"fresh fruits, nuts seeds dried fruit → packaged vegetables fruits"
"frozenset({'packaged vegetables fruits', 'nuts seeds dried fruit'})",frozenset({'fresh fruits'}),0.01829,0.57912,0.01572,0.8594860579551667,1.484124288498354,1.0,0.0051278952,2.9952899610894943,0.3322793744922884,0.0270247038800735,0.6661425060710102,0.4433153455959008,"packaged vegetables fruits, nuts seeds dried fruit",fresh fruits,"packaged vegetables fruits, nuts seeds dried fruit → fresh fruits"
frozenset({'nuts seeds dried fruit'}),"frozenset({'fresh fruits', 'packaged vegetables fruits'})",0.03847,0.2571,0.01572,0.4086301013776969,1.5893819579062505,1.0,0.005829363,1.2562357362637364,0.3856609968702077,0.0561729497945327,0.2039710612164449,0.2348868126491752,nuts seeds dried fruit,"fresh fruits, packaged vegetables fruits","nuts seeds dried fruit → fresh fruits, packaged vegetables fruits"
"frozenset({'fresh fruits', 'oils vinegars'})",frozenset({'packaged vegetables fruits'}),0.02925,0.3423,0.01598,0.5463247863247863,1.5960408598445408,1.0,0.005967725,1.449715523737754,0.3847021627923392,0.0449419242343279,0.3102094972248538,0.2965044907376196,"fresh fruits, oils vinegars",packaged vegetables fruits,"fresh fruits, oils vinegars → packaged vegetables fruits"
"frozenset({'packaged vegetables fruits', 'oils vinegars'})",frozenset({'fresh fruits'}),0.02003,0.57912,0.01598,0.797803295057414,1.377613094103837,1.0,0.0043802264,2.081537382716051,0.2797093620002136,0.0274019582625992,0.5195858559623028,0.4126984426661569,"packaged vegetables fruits, oils vinegars",fresh fruits,"packaged vegetables fruits, oils vinegars → fresh fruits"
frozenset({'oils vinegars'}),"frozenset({'fresh fruits', 'packaged vegetables fruits'})",0.04385,0.2571,0.01598,0.36442417331813,1.4174413586858423,1.0,0.004706165,1.1688613204162182,0.3080096656405929,0.0560760781836684,0.1444665140909005,0.2132894884482521,oils vinegars,"fresh fruits, packaged vegetables fruits","oils vinegars → fresh fruits, packaged vegetables fruits"
"frozenset({'fresh fruits', 'other creams cheeses'})",frozenset({'packaged cheese'}),0.04352,0.16892,0.01623,0.3729319852941176,2.207743223384547,1.0,0.0088786016,1.3253426749725177,0.5719395845972097,0.0827174965598083,0.2454781552848313,0.2345064851879065,"fresh fruits, other creams cheeses",packaged cheese,"fresh fruits, other creams cheeses → packaged cheese"
"frozenset({'packaged cheese', 'other creams cheeses'})",frozenset({'fresh fruits'}),0.02107,0.57912,0.01623,0.7702895111532987,1.330103452053631,1.0,0.0040279416,1.8322193388429768,0.2535204560458549,0.0277929995205151,0.4542138166539125,0.3991573954440343,"packaged cheese, other creams cheeses",fresh fruits,"packaged cheese, other creams cheeses → fresh fruits"
"frozenset({'fresh fruits', 'other creams cheeses'})",frozenset({'packaged vegetables fruits'}),0.04352,0.3423,0.02316,0.5321691176470588,1.5546862916945918,1.0,0.0082631039999999,1.4058499017681727,0.373017124967714,0.0638614680416919,0.2886865100304984,0.2999145325308037,"fresh fruits, other creams cheeses",packaged vegetables fruits,"fresh fruits, other creams cheeses → packaged vegetables fruits"
"frozenset({'packaged vegetables fruits', 'other creams cheeses'})",frozenset({'fresh fruits'}),0.02858,0.57912,0.02316,0.8103568929321203,1.3992901176476729,1.0,0.0066087504,2.21932664206642,0.2937472124296861,0.0396208984842782,0.5494128799945835,0.4251743022472454,"packaged vegetables fruits, other creams cheeses",fresh fruits,"packaged vegetables fruits, other creams cheeses → fresh fruits"
frozenset({'other creams cheeses'}),"frozenset({'fresh fruits', 'packaged vegetables fruits'})",0.06531,0.2571,0.02316,0.3546164446485989,1.3792938337168374,1.0,0.0063687989999999,1.151098434163701,0.2942059091715149,0.0773934837092732,0.1312645640713406,0.2223490624643228,other creams cheeses,"fresh fruits, packaged vegetables fruits","other creams cheeses → fresh fruits, packaged vegetables fruits"
"frozenset({'fresh fruits', 'other creams cheeses'})",frozenset({'yogurt'}),0.04352,0.20368,0.01459,0.3352481617647058,1.6459552325447069,1.0,0.0057258464,1.1979207189768406,0.41030660514186,0.0627230127681527,0.1652202151957829,0.2034400667425257,"fresh fruits, other creams cheeses",yogurt,"fresh fruits, other creams cheeses → yogurt"
"frozenset({'yogurt', 'other creams cheeses'})",frozenset({'fresh fruits'}),0.0182,0.57912,0.01459,0.8016483516483517,1.384252575715485,1.0,0.004050016,2.12188808864266,0.2827342485881843,0.0250373243182949,0.5287216110253556,0.4134208742631867,"yogurt, other creams cheeses",fresh fruits,"yogurt, other creams cheeses → fresh fruits"
"frozenset({'fresh fruits', 'packaged cheese'})",frozenset({'packaged vegetables fruits'}),0.1199,0.3423,0.06753,0.5632193494578815,1.6453968725033057,1.0,0.02648823,1.5057901470307429,0.4456810494304417,0.1711049737755593,0.3358968366396253,0.3802512172355139,"fresh fruits, packaged cheese",packaged vegetables fruits,"fresh fruits, packaged cheese → packaged vegetables fruits"
"frozenset({'packaged vegetables fruits', 'packaged cheese'})",frozenset({'fresh fruits'}),0.08165,0.57912,0.06753,0.8270667483159829,1.4281439914283447,1.0,0.020244852,2.433771388101984,0.326444703124268,0.1138325129795698,0.5891150644268744,0.4718373526080536,"packaged vegetables fruits, packaged cheese",fresh fruits,"packaged vegetables fruits, packaged cheese → fresh fruits"
frozenset({'packaged cheese'}),"frozenset({'fresh fruits', 'packaged vegetables fruits'})",0.16892,0.2571,0.06753,0.3997750414397348,1.5549398733556392,1.0,0.024100668,1.2377026136699874,0.4294271505798059,0.1883734553265084,0.1920514758914185,0.3312177424234847,packaged cheese,"fresh fruits, packaged vegetables fruits","packaged cheese → fresh fruits, packaged vegetables fruits"
"frozenset({'fresh fruits', 'pasta sauce'})",frozenset({'packaged cheese'}),0.02766,0.16892,0.0108,0.3904555314533622,2.3114819527194075,1.0,0.0061276728,1.3634444128113878,0.5835171967738766,0.0581332759177521,0.2665634252458996,0.2271955611327905,"fresh fruits, pasta sauce",packaged cheese,"fresh fruits, pasta sauce → packaged cheese"
"frozenset({'packaged cheese', 'pasta sauce'})",frozenset({'fresh fruits'}),0.01382,0.57912,0.0108,0.7814761215629522,1.3494200192757153,1.0,0.0027965616,1.926013774834437,0.2625696007715518,0.018552238293194,0.4807929138066723,0.4000625531146713,"packaged cheese, pasta sauce",fresh fruits,"packaged cheese, pasta sauce → fresh fruits"
"frozenset({'refrigerated', 'packaged cheese'})",frozenset({'fresh fruits'}),0.01753,0.57912,0.01388,0.7917855105533371,1.3672218375351173,1.0,0.0037280264,2.021377095890411,0.2733821880270068,0.0238172864080168,0.5052877555439488,0.4078764546826638,"refrigerated, packaged cheese",fresh fruits,"refrigerated, packaged cheese → fresh fruits"
"frozenset({'packaged cheese', 'soy lactosefree'})",frozenset({'fresh fruits'}),0.03026,0.57912,0.02457,0.811962987442168,1.4020634539338446,1.0,0.0070458288,2.238282741652023,0.2957138190912193,0.042013645457499,0.5532289190319521,0.427194713779103,"packaged cheese, soy lactosefree",fresh fruits,"packaged cheese, soy lactosefree → fresh fruits"
"frozenset({'water seltzer sparkling water', 'packaged cheese'})",frozenset({'fresh fruits'}),0.0308,0.57912,0.02343,0.7607142857142857,1.3135693564620212,1.0,0.005593104,1.7589014925373132,0.2463015816732837,0.0399495302562703,0.4314633285361283,0.4005861109466579,"water seltzer sparkling water, packaged cheese",fresh fruits,"water seltzer sparkling water, packaged cheese → fresh fruits"
"frozenset({'fresh fruits', 'yogurt'})",frozenset({'packaged cheese'}),0.14829,0.16892,0.04523,0.3050104524917391,1.8056503225890312,1.0,0.0201808532,1.1958165457015333,0.5238671777895482,0.1662989925729833,0.1637513265771515,0.2863851694142333,"fresh fruits, yogurt",packaged cheese,"fresh fruits, yogurt → packaged cheese"
"frozenset({'fresh fruits', 'packaged cheese'})",frozenset({'yogurt'}),0.1199,0.20368,0.04523,0.377231025854879,1.852076914055769,1.0,0.020808768,1.278676416231418,0.5227424385451747,0.1624932638764145,0.2179413123554338,0.2996475239250828,"fresh fruits, packaged cheese",yogurt,"fresh fruits, packaged cheese → yogurt"
"frozenset({'yogurt', 'packaged cheese'})",frozenset({'fresh fruits'}),0.05481,0.57912,0.04523,0.8252143769385148,1.4249453946306725,1.0,0.0134884328,2.407978371607516,0.3155119310266829,0.0768303040597927,0.5847138779189196,0.451657817009111,"yogurt, packaged cheese",fresh fruits,"yogurt, packaged cheese → fresh fruits"
"frozenset({'fresh fruits', 'packaged produce'})",frozenset({'packaged vegetables fruits'}),0.04,0.3423,0.01785,0.44625,1.303680981595092,1.0,0.004158,1.1877200902934535,0.2426470588235295,0.0489779119220743,0.1580507830317774,0.2491986196319018,"fresh fruits, packaged produce",packaged vegetables fruits,"fresh fruits, packaged produce → packaged vegetables fruits"
"frozenset({'packaged produce', 'packaged vegetables fruits'})",frozenset({'fresh fruits'}),0.0235,0.57912,0.01785,0.7595744680851064,1.3116011674352577,1.0,0.00424068,1.7505628318584074,0.2432904344533513,0.0305248217247806,0.4287551513141666,0.3951985477599175,"packaged produce, packaged vegetables fruits",fresh fruits,"packaged produce, packaged vegetables fruits → fresh fruits"
"frozenset({'fresh fruits', 'pasta sauce'})",frozenset({'packaged vegetables fruits'}),0.02766,0.3423,0.01624,0.5871294287780188,1.71524811211808,1.0,0.006771982,1.5929931698774078,0.4288561259613318,0.0459120208074183,0.3722509180143208,0.3172865957796024,"fresh fruits, pasta sauce",packaged vegetables fruits,"fresh fruits, pasta sauce → packaged vegetables fruits"
"frozenset({'packaged vegetables fruits', 'pasta sauce'})",frozenset({'fresh fruits'}),0.01976,0.57912,0.01624,0.8218623481781377,1.4191572526905267,1.0,0.0047965888,2.362667272727274,0.3013103456316519,0.0278731292049979,0.576749544236214,0.4249524477456513,"packaged vegetables fruits, pasta sauce",fresh fruits,"packaged vegetables fruits, pasta sauce → fresh fruits"
frozenset({'pasta sauce'}),"frozenset({'fresh fruits', 'packaged vegetables fruits'})",0.03845,0.2571,0.01624,0.4223667100130039,1.6428110074407,1.0,0.006354505,1.286110085547051,0.406933860636037,0.0581432816583724,0.2224615830031013,0.2427663966245494,pasta sauce,"fresh fruits, packaged vegetables fruits","pasta sauce → fresh fruits, packaged vegetables fruits"
"frozenset({'fresh fruits', 'poultry counter'})",frozenset({'packaged vegetables fruits'}),0.02324,0.3423,0.0135,0.580895008605852,1.697034789967432,1.0,0.0055449479999999,1.5692965092402462,0.4205095303747991,0.038347915009658,0.3627717935317804,0.3101670485623475,"fresh fruits, poultry counter",packaged vegetables fruits,"fresh fruits, poultry counter → packaged vegetables fruits"
"frozenset({'packaged vegetables fruits', 'poultry counter'})",frozenset({'fresh fruits'}),0.01624,0.57912,0.0135,0.8312807881773399,1.4354206177948263,1.0,0.0040950911999999,2.494558832116788,0.3083476548028878,0.0232014573952497,0.599127514202005,0.4272960095051639,"packaged vegetables fruits, poultry counter",fresh fruits,"packaged vegetables fruits, poultry counter → fresh fruits"
frozenset({'poultry counter'}),"frozenset({'fresh fruits', 'packaged vegetables fruits'})",0.03114,0.2571,0.0135,0.4335260115606936,1.6862155253235849,1.0,0.005493906,1.3114459183673468,0.4200359185021571,0.0491373662371696,0.2374828530901785,0.243017381509635,poultry counter,"fresh fruits, packaged vegetables fruits","poultry counter → fresh fruits, packaged vegetables fruits"
"frozenset({'fresh fruits', 'refrigerated'})",frozenset({'packaged vegetables fruits'}),0.05524,0.3423,0.02753,0.4983707458363505,1.4559472563141995,1.0,0.008621348,1.3111276795380726,0.3314724717783788,0.0744033945028512,0.2372977738123012,0.2893986361375734,"fresh fruits, refrigerated",packaged vegetables fruits,"fresh fruits, refrigerated → packaged vegetables fruits"
"frozenset({'packaged vegetables fruits', 'refrigerated'})",frozenset({'fresh fruits'}),0.03337,0.57912,0.02753,0.8249925082409351,1.424562281117791,1.0,0.0082047656,2.4049256164383577,0.3083185801214497,0.0470630470459518,0.5841867236289087,0.4362650757809179,"packaged vegetables fruits, refrigerated",fresh fruits,"packaged vegetables fruits, refrigerated → fresh fruits"
frozenset({'refrigerated'}),"frozenset({'fresh fruits', 'packaged vegetables fruits'})",0.08461,0.2571,0.02753,0.325375251152346,1.2655591254466978,1.0,0.0057767689999999,1.101204782761037,0.2292306185450096,0.0876249283850022,0.0919036897999003,0.2162271043781955,refrigerated,"fresh fruits, packaged vegetables fruits","refrigerated → fresh fruits, packaged vegetables fruits"
"frozenset({'fresh fruits', 'soup broth bouillon'})",frozenset({'packaged vegetables fruits'}),0.03089,0.3423,0.01765,0.5713823243768209,1.6692443014222054,1.0,0.0070763529999999,1.5344677492447123,0.4137058905395017,0.0496427968723631,0.3483082322895255,0.3114726404238764,"fresh fruits, soup broth bouillon",packaged vegetables fruits,"fresh fruits, soup broth bouillon → packaged vegetables fruits"
"frozenset({'packaged vegetables fruits', 'soup broth bouillon'})",frozenset({'fresh fruits'}),0.02159,0.57912,0.01765,0.8175081056044464,1.411638530191405,1.0,0.0051467991999999,2.306294213197969,0.2980379944068935,0.0302713271361437,0.566403976440901,0.4239926907356394,"packaged vegetables fruits, soup broth bouillon",fresh fruits,"packaged vegetables fruits, soup broth bouillon → fresh fruits"
frozenset({'soup broth bouillon'}),"frozenset({'fresh fruits', 'packaged vegetables fruits'})",0.04343,0.2571,0.01765,0.4064011052268017,1.5807121945811031,1.0,0.0064841469999999,1.251518502715283,0.3840531980988139,0.0623939479638009,0.2009706625747767,0.2375257179187295,soup broth bouillon,"fresh fruits, packaged vegetables fruits","soup broth bouillon → fresh fruits, packaged vegetables fruits"
"frozenset({'fresh fruits', 'soy lactosefree'})",frozenset({'packaged vegetables fruits'}),0.10194,0.3423,0.05527,0.5421816754953894,1.5839371180116548,1.0,0.0203759379999999,1.4365960574244696,0.4105091037137845,0.1420932205568552,0.3039101041438185,0.3518241126527487,"fresh fruits, soy lactosefree",packaged vegetables fruits,"fresh fruits, soy lactosefree → packaged vegetables fruits"
"frozenset({'packaged vegetables fruits', 'soy lactosefree'})",frozenset({'fresh fruits'}),0.06685,0.57912,0.05527,0.8267763649962602,1.427642569754559,1.0,0.0165558279999999,2.4296915371329866,0.321003657562126,0.0935669544608092,0.5884251211657959,0.4611071353921762,"packaged vegetables fruits, soy lactosefree",fresh fruits,"packaged vegetables fruits, soy lactosefree → fresh fruits"
frozenset({'soy lactosefree'}),"frozenset({'fresh fruits', 'packaged vegetables fruits'})",0.14592,0.2571,0.05527,0.3787691885964912,1.4732368284577644,1.0,0.017753968,1.1958518257032542,0.3761035356050068,0.1589360172537742,0.1637759975723398,0.2968719533025241,soy lactosefree,"fresh fruits, packaged vegetables fruits","soy lactosefree → fresh fruits, packaged vegetables fruits"
"frozenset({'fresh fruits', 'spreads'})",frozenset({'packaged vegetables fruits'}),0.02883,0.3423,0.01536,0.5327783558792923,1.55646612877386,1.0,0.0054914909999999,1.407683073496659,0.368132196538711,0.0431739607049498,0.289612826333119,0.2888256371859213,"fresh fruits, spreads",packaged vegetables fruits,"fresh fruits, spreads → packaged vegetables fruits"
"frozenset({'packaged vegetables fruits', 'spreads'})",frozenset({'fresh fruits'}),0.01822,0.57912,0.01536,0.8430296377607025,1.455708035917776,1.0,0.0048084336,2.681270489510489,0.3188586674203997,0.026392659541565,0.6270424770972783,0.4347763190875622,"packaged vegetables fruits, spreads",fresh fruits,"packaged vegetables fruits, spreads → fresh fruits"
frozenset({'spreads'}),"frozenset({'fresh fruits', 'packaged vegetables fruits'})",0.04131,0.2571,0.01536,0.3718228031953522,1.4462186044159946,1.0,0.004739199,1.1826280924855492,0.3218366745898049,0.0542660307366189,0.1544256335918054,0.2157830468718884,spreads,"fresh fruits, packaged vegetables fruits","spreads → fresh fruits, packaged vegetables fruits"
"frozenset({'fresh fruits', 'water seltzer sparkling water'})",frozenset({'packaged vegetables fruits'}),0.09965,0.3423,0.04732,0.474862017059709,1.3872685277817969,1.0,0.0132098049999999,1.2524327345690809,0.3100561155868707,0.1199097889161999,0.2015539258928219,0.3065516629265825,"fresh fruits, water seltzer sparkling water",packaged vegetables fruits,"fresh fruits, water seltzer sparkling water → packaged vegetables fruits"
"frozenset({'water seltzer sparkling water', 'packaged vegetables fruits'})",frozenset({'fresh fruits'}),0.06053,0.57912,0.04732,0.7817611101932926,1.3499121256273183,1.0,0.0122658664,1.928528872066617,0.2759119926442583,0.0798879003258319,0.4814700394252344,0.4317356455787571,"water seltzer sparkling water, packaged vegetables fruits",fresh fruits,"water seltzer sparkling water, packaged vegetables fruits → fresh fruits"
"frozenset({'fresh fruits', 'yogurt'})",frozenset({'packaged vegetables fruits'}),0.14829,0.3423,0.07823,0.527547373389979,1.5411842634822643,1.0,0.0274703329999999,1.392097245218384,0.4122862465618396,0.1897128722475506,0.2816593787288719,0.3780447939108819,"fresh fruits, yogurt",packaged vegetables fruits,"fresh fruits, yogurt → packaged vegetables fruits"
"frozenset({'fresh fruits', 'packaged vegetables fruits'})",frozenset({'yogurt'}),0.2571,0.20368,0.07823,0.3042784908595877,1.4939046094834432,1.0,0.0258638719999999,1.144595918823727,0.4450305793993354,0.2044961442948634,0.1263292280233922,0.3441806829788905,"fresh fruits, packaged vegetables fruits",yogurt,"fresh fruits, packaged vegetables fruits → yogurt"
"frozenset({'yogurt', 'packaged vegetables fruits'})",frozenset({'fresh fruits'}),0.0928,0.57912,0.07823,0.8429956896551724,1.4556494157604165,1.0,0.024487664,2.680690734385723,0.345041224030529,0.1317691050885142,0.6269618172761176,0.4890399777188695,"yogurt, packaged vegetables fruits",fresh fruits,"yogurt, packaged vegetables fruits → fresh fruits"
frozenset({'yogurt'}),"frozenset({'fresh fruits', 'packaged vegetables fruits'})",0.20368,0.2571,0.07823,0.3840828750981932,1.4939046094834432,1.0,0.0258638719999999,1.206168768433639,0.4151763329261682,0.2044961442948634,0.1709286244423115,0.3441806829788905,yogurt,"fresh fruits, packaged vegetables fruits","yogurt → fresh fruits, packaged vegetables fruits"
"frozenset({'refrigerated', 'soy lactosefree'})",frozenset({'fresh fruits'}),0.0158,0.57912,0.01226,0.7759493670886075,1.339876652660256,1.0,0.003109904,1.8785039548022595,0.2577348534247307,0.0210414306799848,0.4676614880455415,0.3985597091003198,"refrigerated, soy lactosefree",fresh fruits,"refrigerated, soy lactosefree → fresh fruits"
"frozenset({'water seltzer sparkling water', 'refrigerated'})",frozenset({'fresh fruits'}),0.01778,0.57912,0.01225,0.6889763779527559,1.1896953618468642,1.0,0.0019532464,1.3532091139240507,0.162335002050748,0.0209527067476267,0.261015914162602,0.3550645807431966,"water seltzer sparkling water, refrigerated",fresh fruits,"water seltzer sparkling water, refrigerated → fresh fruits"
"frozenset({'fresh fruits', 'refrigerated'})",frozenset({'yogurt'}),0.05524,0.20368,0.01722,0.3117306299782766,1.530492095337179,1.0,0.0059687167999999,1.1569888690163073,0.366881935590055,0.0712453454695904,0.1356874497416574,0.1981375066623512,"fresh fruits, refrigerated",yogurt,"fresh fruits, refrigerated → yogurt"
"frozenset({'yogurt', 'refrigerated'})",frozenset({'fresh fruits'}),0.02191,0.57912,0.01722,0.7859424920127795,1.357132359463979,1.0,0.0045314808,1.9662005970149252,0.2690470152255429,0.0294958976379301,0.4914048945371116,0.4078386310043176,"yogurt, refrigerated",fresh fruits,"yogurt, refrigerated → fresh fruits"
"frozenset({'water seltzer sparkling water', 'soy lactosefree'})",frozenset({'fresh fruits'}),0.02812,0.57912,0.02099,0.746443812233286,1.2889277045056051,1.0,0.0047051456,1.65990821879383,0.2306470920845878,0.0358038379530916,0.397557052445557,0.3913442296419918,"water seltzer sparkling water, soy lactosefree",fresh fruits,"water seltzer sparkling water, soy lactosefree → fresh fruits"
"frozenset({'yogurt', 'soy lactosefree'})",frozenset({'fresh fruits'}),0.03763,0.57912,0.03,0.7972362476747277,1.3766339405904264,1.0,0.0082077144,2.0757161730013114,0.284288246724233,0.0511291009799744,0.5182385660395544,0.4245194914295727,"yogurt, soy lactosefree",fresh fruits,"yogurt, soy lactosefree → fresh fruits"
"frozenset({'fresh fruits', 'spreads'})",frozenset({'yogurt'}),0.02883,0.20368,0.0102,0.3537981269510926,1.7370292957143196,1.0,0.0043279056,1.2323084057971014,0.4369003064223929,0.0458818766587198,0.1885148268925716,0.2019383407732682,"fresh fruits, spreads",yogurt,"fresh fruits, spreads → yogurt"
"frozenset({'yogurt', 'spreads'})",frozenset({'fresh fruits'}),0.01253,0.57912,0.0102,0.8140462889066242,1.4056608110695956,1.0,0.0029436264,2.2633589699570837,0.2922527504930903,0.0175423510190042,0.5581787894569099,0.4158296094346631,"yogurt, spreads",fresh fruits,"yogurt, spreads → fresh fruits"
"frozenset({'yogurt', 'water seltzer sparkling water'})",frozenset({'fresh fruits'}),0.03743,0.57912,0.02892,0.7726422655623831,1.33416608917389,1.0,0.0072435384,1.851179600470036,0.2602077072629347,0.0492146418664806,0.459803900309787,0.4112900511400809,"yogurt, water seltzer sparkling water",fresh fruits,"yogurt, water seltzer sparkling water → fresh fruits"
"frozenset({'frozen produce', 'fresh herbs'})",frozenset({'fresh vegetables'}),0.01378,0.44933,0.01254,0.9100145137880988,2.025269876901384,1.0,0.0063482326,6.119542419354841,0.5133120848675935,0.0278314135428457,0.8365890892696147,0.4689613663458999,"frozen produce, fresh herbs",fresh vegetables,"frozen produce, fresh herbs → fresh vegetables"
"frozenset({'fresh herbs', 'milk'})",frozenset({'fresh vegetables'}),0.02259,0.44933,0.01941,0.8592297476759628,1.912246561938804,1.0,0.0092596353,3.911835,0.4880806254083455,0.0428940796888466,0.7443654959884556,0.4512136987550802,"fresh herbs, milk",fresh vegetables,"fresh herbs, milk → fresh vegetables"
"frozenset({'packaged cheese', 'fresh herbs'})",frozenset({'fresh vegetables'}),0.02158,0.44933,0.01911,0.8855421686746988,1.970805796796784,1.0,0.0094134585999999,4.811116842105264,0.5034579560243385,0.0422974767596281,0.7921480535977969,0.4640360788847867,"packaged cheese, fresh herbs",fresh vegetables,"packaged cheese, fresh herbs → fresh vegetables"
"frozenset({'packaged vegetables fruits', 'fresh herbs'})",frozenset({'fresh vegetables'}),0.04759,0.44933,0.04234,0.8896827064509352,1.9800207118397064,1.0,0.0209563853,4.991692438095242,0.5196866664437779,0.0931409212899819,0.7996671444802426,0.4919559460636934,"packaged vegetables fruits, fresh herbs",fresh vegetables,"packaged vegetables fruits, fresh herbs → fresh vegetables"
"frozenset({'fresh vegetables', 'fresh herbs'})",frozenset({'packaged vegetables fruits'}),0.07633,0.3423,0.04234,0.5546967116467969,1.6204987193888312,1.0,0.016212241,1.4769709032068257,0.414548510478412,0.1125195992452629,0.322938591526223,0.3391946894488732,"fresh vegetables, fresh herbs",packaged vegetables fruits,"fresh vegetables, fresh herbs → packaged vegetables fruits"
frozenset({'fresh herbs'}),"frozenset({'packaged vegetables fruits', 'fresh vegetables'})",0.09123,0.21588,0.04234,0.4641017209251343,2.1498134191455174,1.0,0.0226452676,1.4631881284516264,0.5885354421939003,0.1599123767798466,0.3165608847180716,0.3301145995768899,fresh herbs,"packaged vegetables fruits, fresh vegetables","fresh herbs → packaged vegetables fruits, fresh vegetables"
"frozenset({'soy lactosefree', 'fresh herbs'})",frozenset({'fresh vegetables'}),0.01792,0.44933,0.01592,0.8883928571428572,1.9771501060308845,1.0,0.0078680064,4.934003200000003,0.5032395604611524,0.0352735249152504,0.7973248173004834,0.4619116935214653,"soy lactosefree, fresh herbs",fresh vegetables,"soy lactosefree, fresh herbs → fresh vegetables"
"frozenset({'water seltzer sparkling water', 'fresh herbs'})",frozenset({'fresh vegetables'}),0.0142,0.44933,0.01194,0.8408450704225351,1.8713308045813437,1.0,0.0055595139999999,3.459961946902652,0.4723279955604083,0.0264399123098385,0.7109794803104129,0.4337089839237951,"water seltzer sparkling water, fresh herbs",fresh vegetables,"water seltzer sparkling water, fresh herbs → fresh vegetables"
"frozenset({'yogurt', 'fresh herbs'})",frozenset({'fresh vegetables'}),0.02183,0.44933,0.01908,0.8740265689418232,1.9451774173587857,1.0,0.0092711261,4.371318581818182,0.4967521765336457,0.0422049194832772,0.7712360741311914,0.4582448959813827,"yogurt, fresh herbs",fresh vegetables,"yogurt, fresh herbs → fresh vegetables"
"frozenset({'fresh herbs', 'milk'})",frozenset({'packaged vegetables fruits'}),0.02259,0.3423,0.01341,0.5936254980079682,1.7342258194798954,1.0,0.005677443,1.618457843137255,0.4331588847089305,0.0381529532263571,0.3821278668206905,0.3164008296350095,"fresh herbs, milk",packaged vegetables fruits,"fresh herbs, milk → packaged vegetables fruits"
"frozenset({'packaged cheese', 'fresh herbs'})",frozenset({'packaged vegetables fruits'}),0.02158,0.3423,0.01365,0.6325301204819278,1.8478823268534263,1.0,0.006263166,1.7898065573770494,0.4689601602583758,0.038974388259144,0.4412804021315612,0.3362037105477123,"packaged cheese, fresh herbs",packaged vegetables fruits,"packaged cheese, fresh herbs → packaged vegetables fruits"
"frozenset({'soy lactosefree', 'fresh herbs'})",frozenset({'packaged vegetables fruits'}),0.01792,0.3423,0.01154,0.6439732142857143,1.8813123408872752,1.0,0.005405984,1.8473329153605016,0.4770040653643271,0.0330962487094183,0.4586790547144813,0.3388431657172071,"soy lactosefree, fresh herbs",packaged vegetables fruits,"soy lactosefree, fresh herbs → packaged vegetables fruits"
"frozenset({'yogurt', 'fresh herbs'})",frozenset({'packaged vegetables fruits'}),0.02183,0.3423,0.01348,0.6174988547869904,1.8039697773502492,1.0,0.006007591,1.7194719760479042,0.4556130203651348,0.0384428917724226,0.4184261134057935,0.3284397575132732,"yogurt, fresh herbs",packaged vegetables fruits,"yogurt, fresh herbs → packaged vegetables fruits"
"frozenset({'frozen breakfast', 'packaged vegetables fruits'})",frozenset({'fresh vegetables'}),0.01673,0.44933,0.01162,0.694560669456067,1.5457696335790332,1.0,0.0041027091,1.8028784931506847,0.359080488867917,0.025569932224276,0.4453314497903771,0.3602106977129221,"frozen breakfast, packaged vegetables fruits",fresh vegetables,"frozen breakfast, packaged vegetables fruits → fresh vegetables"
"frozenset({'frozen breakfast', 'fresh vegetables'})",frozenset({'packaged vegetables fruits'}),0.0196,0.3423,0.01162,0.5928571428571429,1.731981136012687,1.0,0.00491092,1.6154035087719296,0.4310755875398779,0.0331734612310151,0.3809596211907296,0.3134019865614957,"frozen breakfast, fresh vegetables",packaged vegetables fruits,"frozen breakfast, fresh vegetables → packaged vegetables fruits"
frozenset({'frozen breakfast'}),"frozenset({'packaged vegetables fruits', 'fresh vegetables'})",0.03393,0.21588,0.01162,0.3424697907456528,1.5863896180547197,1.0,0.0042951916,1.1925231555356344,0.3826201324182525,0.0487845837356732,0.1614418593399643,0.1981479952431247,frozen breakfast,"packaged vegetables fruits, fresh vegetables","frozen breakfast → packaged vegetables fruits, fresh vegetables"
"frozenset({'frozen produce', 'milk'})",frozenset({'fresh vegetables'}),0.0263,0.44933,0.01788,0.6798479087452471,1.5130258579334723,1.0,0.0060626209999999,1.7200262470308787,0.3482312445964204,0.0390606226105953,0.4186135230632631,0.3598202444044487,"frozen produce, milk",fresh vegetables,"frozen produce, milk → fresh vegetables"
"frozenset({'frozen produce', 'packaged cheese'})",frozenset({'fresh vegetables'}),0.02423,0.44933,0.01807,0.7457697069748245,1.659737179745008,1.0,0.0071827340999999,2.166028262987012,0.4073654340293421,0.0396715624931392,0.5383255070638031,0.392992569420023,"frozen produce, packaged cheese",fresh vegetables,"frozen produce, packaged cheese → fresh vegetables"
"frozenset({'frozen produce', 'packaged vegetables fruits'})",frozenset({'fresh vegetables'}),0.05172,0.44933,0.03825,0.7395591647331786,1.6459153956628283,1.0,0.0150106523999999,2.1143765701559016,0.4138391159391161,0.0826490924805531,0.5270473509237449,0.41234295449843,"frozen produce, packaged vegetables fruits",fresh vegetables,"frozen produce, packaged vegetables fruits → fresh vegetables"
"frozenset({'frozen produce', 'fresh vegetables'})",frozenset({'packaged vegetables fruits'}),0.06178,0.3423,0.03825,0.6191324053091615,1.8087420546572055,1.0,0.017102706,1.7268468338291538,0.4765721990870488,0.1045567613372331,0.4209098453841592,0.3654382447229418,"frozen produce, fresh vegetables",packaged vegetables fruits,"frozen produce, fresh vegetables → packaged vegetables fruits"
frozenset({'frozen produce'}),"frozenset({'packaged vegetables fruits', 'fresh vegetables'})",0.09652,0.21588,0.03825,0.3962909241607957,1.835700037802463,1.0,0.0174132624,1.2988375218808994,0.503883528352679,0.1395221594017873,0.2300807582523028,0.2867363459047447,frozen produce,"packaged vegetables fruits, fresh vegetables","frozen produce → packaged vegetables fruits, fresh vegetables"
"frozenset({'frozen produce', 'soy lactosefree'})",frozenset({'fresh vegetables'}),0.02421,0.44933,0.01726,0.7129285419248246,1.586647991286637,1.0,0.0063817207,1.9182331942446047,0.3789139885432817,0.0378276496887875,0.4786869484897026,0.375670644896937,"frozen produce, soy lactosefree",fresh vegetables,"frozen produce, soy lactosefree → fresh vegetables"
"frozenset({'frozen produce', 'water seltzer sparkling water'})",frozenset({'fresh vegetables'}),0.0166,0.44933,0.01094,0.6590361445783133,1.4667085317657695,1.0,0.0034811219999999,1.6150392226148411,0.3235725846120555,0.0240444844941647,0.3808199912439633,0.3416917531028125,"frozen produce, water seltzer sparkling water",fresh vegetables,"frozen produce, water seltzer sparkling water → fresh vegetables"
"frozenset({'frozen produce', 'yogurt'})",frozenset({'fresh vegetables'}),0.02816,0.44933,0.01969,0.69921875,1.5561363585783277,1.0,0.0070368671999999,1.830798961038961,0.367738303934896,0.0430100480559196,0.4537903826248025,0.3715197749287828,"frozen produce, yogurt",fresh vegetables,"frozen produce, yogurt → fresh vegetables"
"frozenset({'frozen produce', 'fresh vegetables'})",frozenset({'yogurt'}),0.06178,0.20368,0.01969,0.3187115571382324,1.5647660896417537,1.0,0.0071066495999999,1.1688441339985745,0.384693191484704,0.0801155551938804,0.1444539345215898,0.2076914030781499,"frozen produce, fresh vegetables",yogurt,"frozen produce, fresh vegetables → yogurt"
"frozenset({'hot dogs bacon sausage', 'fresh vegetables'})",frozenset({'milk'}),0.03311,0.23003,0.01121,0.3385684083358501,1.4718445782543588,1.0,0.0035937066999999,1.164096196347032,0.331558333533001,0.0444964871194379,0.1409644639867139,0.193650591160926,"hot dogs bacon sausage, fresh vegetables",milk,"hot dogs bacon sausage, fresh vegetables → milk"
"frozenset({'hot dogs bacon sausage', 'milk'})",frozenset({'fresh vegetables'}),0.01699,0.44933,0.01121,0.6597998822836962,1.4684082573691857,1.0,0.0035758832999999,1.6186649307958474,0.3245038012967888,0.0246314077915229,0.3822069157275614,0.3423740692881993,"hot dogs bacon sausage, milk",fresh vegetables,"hot dogs bacon sausage, milk → fresh vegetables"
"frozenset({'hot dogs bacon sausage', 'packaged cheese'})",frozenset({'fresh vegetables'}),0.01584,0.44933,0.011,0.6944444444444444,1.545510970655074,1.0,0.0038826127999999,1.8021927272727272,0.3586457486587546,0.0242200057247286,0.445120388698212,0.3594626691098104,"hot dogs bacon sausage, packaged cheese",fresh vegetables,"hot dogs bacon sausage, packaged cheese → fresh vegetables"
"frozenset({'hot dogs bacon sausage', 'fresh vegetables'})",frozenset({'packaged cheese'}),0.03311,0.16892,0.011,0.3322259136212624,1.966764821343017,1.0,0.0054070588,1.2445526368159203,0.508383373496468,0.0575825786525676,0.196498428095084,0.1986727484279648,"hot dogs bacon sausage, fresh vegetables",packaged cheese,"hot dogs bacon sausage, fresh vegetables → packaged cheese"
"frozenset({'hot dogs bacon sausage', 'packaged vegetables fruits'})",frozenset({'fresh vegetables'}),0.02558,0.44933,0.01862,0.7279124315871776,1.6199951741196394,1.0,0.0071261386,2.0238704885057475,0.3927610378751625,0.0408073812706831,0.5058972371605092,0.384675954070579,"hot dogs bacon sausage, packaged vegetables fruits",fresh vegetables,"hot dogs bacon sausage, packaged vegetables fruits → fresh vegetables"
"frozenset({'hot dogs bacon sausage', 'fresh vegetables'})",frozenset({'packaged vegetables fruits'}),0.03311,0.3423,0.01862,0.5623678646934461,1.6429093330220454,1.0,0.007286447,1.50286038647343,0.4047240991328139,0.0521875613105748,0.3346021965842271,0.308382296354903,"hot dogs bacon sausage, fresh vegetables",packaged vegetables fruits,"hot dogs bacon sausage, fresh vegetables → packaged vegetables fruits"
frozenset({'hot dogs bacon sausage'}),"frozenset({'packaged vegetables fruits', 'fresh vegetables'})",0.05453,0.21588,0.01862,0.3414634146341463,1.581727879535605,1.0,0.0068480636,1.1907007407407408,0.388991718404603,0.0739505143174868,0.1601584127864949,0.2138575179526114,hot dogs bacon sausage,"packaged vegetables fruits, fresh vegetables","hot dogs bacon sausage → packaged vegetables fruits, fresh vegetables"
"frozenset({'hot dogs bacon sausage', 'yogurt'})",frozenset({'fresh vegetables'}),0.01491,0.44933,0.01023,0.6861167002012072,1.5269772777272987,1.0,0.0035304896999999,1.7543781410256407,0.3503349009985213,0.0225325433360498,0.4299974580078943,0.3544419657060606,"hot dogs bacon sausage, yogurt",fresh vegetables,"hot dogs bacon sausage, yogurt → fresh vegetables"
"frozenset({'hot dogs bacon sausage', 'fresh vegetables'})",frozenset({'yogurt'}),0.03311,0.20368,0.01023,0.308970099667774,1.5169388239776809,1.0,0.0034861551999999,1.152366923076923,0.3524471598719628,0.0451536016949152,0.1322208404507912,0.1795979720648375,"hot dogs bacon sausage, fresh vegetables",yogurt,"hot dogs bacon sausage, fresh vegetables → yogurt"
"frozenset({'juice nectars', 'packaged vegetables fruits'})",frozenset({'fresh vegetables'}),0.01918,0.44933,0.01317,0.6866527632950991,1.528170305332604,1.0,0.0045518505999999,1.7573794675540766,0.3523813469760793,0.0289234418236921,0.4309709323099117,0.3579815348756892,"juice nectars, packaged vegetables fruits",fresh vegetables,"juice nectars, packaged vegetables fruits → fresh vegetables"
"frozenset({'juice nectars', 'fresh vegetables'})",frozenset({'packaged vegetables fruits'}),0.02332,0.3423,0.01317,0.5647512864493996,1.6498722946228446,1.0,0.0051875639999999,1.5110900492610837,0.4032973777652019,0.0373670024116896,0.3382260703199022,0.3016131541800022,"juice nectars, fresh vegetables",packaged vegetables fruits,"juice nectars, fresh vegetables → packaged vegetables fruits"
"frozenset({'fresh vegetables', 'lunch meat'})",frozenset({'milk'}),0.0448,0.23003,0.01598,0.3566964285714286,1.550651778339471,1.0,0.005674656,1.1968999306037476,0.3717649574530977,0.061734595325478,0.1645082647004799,0.2130828141205184,"fresh vegetables, lunch meat",milk,"fresh vegetables, lunch meat → milk"
"frozenset({'milk', 'lunch meat'})",frozenset({'fresh vegetables'}),0.02487,0.44933,0.01598,0.6425412143144351,1.4299984739822291,1.0,0.0048051629,1.5405132620922386,0.3083676581000009,0.0348740779538213,0.3508656987205316,0.3390526381811866,"milk, lunch meat",fresh vegetables,"milk, lunch meat → fresh vegetables"
"frozenset({'packaged cheese', 'lunch meat'})",frozenset({'fresh vegetables'}),0.02522,0.44933,0.01732,0.6867565424266455,1.5284012695049196,1.0,0.0059878973999999,1.7579616962025315,0.3546662415021389,0.0378802790718019,0.4311593920617529,0.3626514112217798,"packaged cheese, lunch meat",fresh vegetables,"packaged cheese, lunch meat → fresh vegetables"
"frozenset({'fresh vegetables', 'lunch meat'})",frozenset({'packaged cheese'}),0.0448,0.16892,0.01732,0.3866071428571428,2.288699638036602,1.0,0.009752384,1.354890247452693,0.5894793443739095,0.0881873727087576,0.2619328378220422,0.2445704433205913,"fresh vegetables, lunch meat",packaged cheese,"fresh vegetables, lunch meat → packaged cheese"
"frozenset({'packaged vegetables fruits', 'lunch meat'})",frozenset({'fresh vegetables'}),0.03777,0.44933,0.02705,0.7161768599417527,1.593877239315765,1.0,0.0100788059,1.940187117537313,0.3872245815005781,0.0587979567438322,0.4845857953797242,0.3881888016353546,"packaged vegetables fruits, lunch meat",fresh vegetables,"packaged vegetables fruits, lunch meat → fresh vegetables"
"frozenset({'fresh vegetables', 'lunch meat'})",frozenset({'packaged vegetables fruits'}),0.0448,0.3423,0.02705,0.6037946428571429,1.763934101247861,1.0,0.01171496,1.659997746478873,0.4533976103561554,0.0751284543813359,0.397589543647777,0.3414094452965235,"fresh vegetables, lunch meat",packaged vegetables fruits,"fresh vegetables, lunch meat → packaged vegetables fruits"
frozenset({'lunch meat'}),"frozenset({'packaged vegetables fruits', 'fresh vegetables'})",0.07633,0.21588,0.02705,0.3543822874361326,1.6415707218646127,1.0,0.0105718796,1.214526777597403,0.4231244296765454,0.1020138784130336,0.1766340450902063,0.2398416903180292,lunch meat,"packaged vegetables fruits, fresh vegetables","lunch meat → packaged vegetables fruits, fresh vegetables"
"frozenset({'yogurt', 'lunch meat'})",frozenset({'fresh vegetables'}),0.02368,0.44933,0.01597,0.6744087837837839,1.500920890623337,1.0,0.0053298656,1.6912925551232172,0.3418370687254269,0.0349422370033257,0.4087362372814642,0.3549752952368722,"yogurt, lunch meat",fresh vegetables,"yogurt, lunch meat → fresh vegetables"
"frozenset({'fresh vegetables', 'lunch meat'})",frozenset({'yogurt'}),0.0448,0.20368,0.01597,0.3564732142857143,1.7501630709235778,1.0,0.006845136,1.2374310093652447,0.4487276709156302,0.0686852178400929,0.1918741388960648,0.2174402599315453,"fresh vegetables, lunch meat",yogurt,"fresh vegetables, lunch meat → yogurt"
"frozenset({'other creams cheeses', 'milk'})",frozenset({'fresh vegetables'}),0.02222,0.44933,0.01423,0.6404140414041404,1.4252643745223783,1.0,0.0042458873999999,1.5314001752190236,0.3051563578267788,0.0311160675238345,0.3470028173028136,0.3360417079030138,"other creams cheeses, milk",fresh vegetables,"other creams cheeses, milk → fresh vegetables"
"frozenset({'fresh vegetables', 'other creams cheeses'})",frozenset({'milk'}),0.03928,0.23003,0.01423,0.3622708757637474,1.574885344362681,1.0,0.0051944215999999,1.2073621397205587,0.3799578870543741,0.0557864199466833,0.1717480885797465,0.2120661860451567,"fresh vegetables, other creams cheeses",milk,"fresh vegetables, other creams cheeses → milk"
"frozenset({'packaged cheese', 'fresh vegetables'})",frozenset({'milk'}),0.10096,0.23003,0.03736,0.3700475435816164,1.608692533937384,1.0,0.0141361711999999,1.2222668427672956,0.4208680074830235,0.1272349555563123,0.1818480506793984,0.2662305709039674,"packaged cheese, fresh vegetables",milk,"packaged cheese, fresh vegetables → milk"
"frozenset({'packaged cheese', 'milk'})",frozenset({'fresh vegetables'}),0.05748,0.44933,0.03736,0.649965205288796,1.4465208316577929,1.0,0.0115325115999999,1.573186461232604,0.3275114275175184,0.0795824901480455,0.3643474409152414,0.3665556113462429,"packaged cheese, milk",fresh vegetables,"packaged cheese, milk → fresh vegetables"
"frozenset({'fresh vegetables', 'milk'})",frozenset({'packaged cheese'}),0.11551,0.16892,0.03736,0.3234352004155484,1.9147241322256008,1.0,0.0178480507999999,1.2283819680102368,0.5401209199228105,0.1512122070668231,0.1859209708037113,0.2723024924644637,"fresh vegetables, milk",packaged cheese,"fresh vegetables, milk → packaged cheese"
"frozenset({'packaged vegetables fruits', 'milk'})",frozenset({'fresh vegetables'}),0.09306,0.44933,0.06257,0.672361917042768,1.4963655154179958,1.0,0.0207553502,1.6807264742538537,0.3657508582999562,0.130403067817098,0.4050191894288195,0.4058068459537833,"packaged vegetables fruits, milk",fresh vegetables,"packaged vegetables fruits, milk → fresh vegetables"
"frozenset({'fresh vegetables', 'milk'})",frozenset({'packaged vegetables fruits'}),0.11551,0.3423,0.06257,0.5416847026231495,1.5824852545227857,1.0,0.023030927,1.435038288628636,0.4161523358217139,0.1583088756198765,0.3031544817137745,0.3622387871865382,"fresh vegetables, milk",packaged vegetables fruits,"fresh vegetables, milk → packaged vegetables fruits"
"frozenset({'refrigerated', 'fresh vegetables'})",frozenset({'milk'}),0.0419,0.23003,0.01289,0.3076372315035799,1.3373787397451635,1.0,0.0032517429999999,1.1120904170975527,0.2633009684524801,0.0497606547251389,0.1007925393243632,0.1818367003494511,"refrigerated, fresh vegetables",milk,"refrigerated, fresh vegetables → milk"
"frozenset({'refrigerated', 'milk'})",frozenset({'fresh vegetables'}),0.02303,0.44933,0.01289,0.5597047329570126,1.2456429193621894,1.0,0.0025419301,1.2506834418145958,0.2018503275508665,0.0280540622891592,0.2004371637405571,0.2941959446949619,"refrigerated, milk",fresh vegetables,"refrigerated, milk → fresh vegetables"
"frozenset({'soy lactosefree', 'milk'})",frozenset({'fresh vegetables'}),0.03287,0.44933,0.01812,0.5512625494371767,1.226854537727676,1.0,0.0033505228999999,1.227154094915254,0.1911919233322945,0.0390449922427167,0.1851064147986574,0.2957946290461427,"soy lactosefree, milk",fresh vegetables,"soy lactosefree, milk → fresh vegetables"
"frozenset({'water seltzer sparkling water', 'milk'})",frozenset({'fresh vegetables'}),0.03696,0.44933,0.0187,0.505952380952381,1.1260151357629828,1.0,0.0020927632,1.1146091566265062,0.1162074997801081,0.0399923009474111,0.1028245245834729,0.2737849501850904,"water seltzer sparkling water, milk",fresh vegetables,"water seltzer sparkling water, milk → fresh vegetables"
"frozenset({'yogurt', 'fresh vegetables'})",frozenset({'milk'}),0.10979,0.23003,0.04136,0.3767191911831679,1.637695914372768,1.0,0.0161050063,1.2353500847581471,0.437409187044015,0.1385780339073913,0.1905128656742053,0.278260912811077,"yogurt, fresh vegetables",milk,"yogurt, fresh vegetables → milk"
"frozenset({'yogurt', 'milk'})",frozenset({'fresh vegetables'}),0.07134,0.44933,0.04136,0.5797589010372862,1.2902741883187996,1.0,0.0093047978,1.310366837891928,0.2422532824379846,0.0862907095616615,0.2368549240693813,0.3359035308159747,"yogurt, milk",fresh vegetables,"yogurt, milk → fresh vegetables"
"frozenset({'fresh vegetables', 'milk'})",frozenset({'yogurt'}),0.11551,0.20368,0.04136,0.3580642368626093,1.757974454352952,1.0,0.0178329232,1.2404979527983817,0.4874713341128535,0.148868012813591,0.1938721077740221,0.2805639330424594,"fresh vegetables, milk",yogurt,"fresh vegetables, milk → yogurt"
"frozenset({'packaged vegetables fruits', 'nuts seeds dried fruit'})",frozenset({'fresh vegetables'}),0.01829,0.44933,0.01372,0.7501366867140513,1.6694560494826771,1.0,0.0055017543,2.2038849671772422,0.4084734799482536,0.0302269222295659,0.5462558096755794,0.3903355189295447,"packaged vegetables fruits, nuts seeds dried fruit",fresh vegetables,"packaged vegetables fruits, nuts seeds dried fruit → fresh vegetables"
"frozenset({'fresh vegetables', 'nuts seeds dried fruit'})",frozenset({'packaged vegetables fruits'}),0.02204,0.3423,0.01372,0.6225045372050816,1.8185934478676065,1.0,0.0061757079999999,1.7422725961538457,0.4602688144667658,0.0391306827904854,0.4260370035047615,0.3312931683980418,"fresh vegetables, nuts seeds dried fruit",packaged vegetables fruits,"fresh vegetables, nuts seeds dried fruit → packaged vegetables fruits"
frozenset({'nuts seeds dried fruit'}),"frozenset({'packaged vegetables fruits', 'fresh vegetables'})",0.03847,0.21588,0.01372,0.3566415388614505,1.6520360332659372,1.0,0.0054150964,1.218791773737374,0.4104773917928846,0.0570169970494119,0.1795153023280244,0.2100976825305955,nuts seeds dried fruit,"packaged vegetables fruits, fresh vegetables","nuts seeds dried fruit → packaged vegetables fruits, fresh vegetables"
"frozenset({'packaged vegetables fruits', 'oils vinegars'})",frozenset({'fresh vegetables'}),0.02003,0.44933,0.01561,0.7793310034947579,1.7344290465687977,1.0,0.0066099201,2.495457036199096,0.4320962785947826,0.0344022038567493,0.5992718025219422,0.4070358086487655,"packaged vegetables fruits, oils vinegars",fresh vegetables,"packaged vegetables fruits, oils vinegars → fresh vegetables"
"frozenset({'oils vinegars', 'fresh vegetables'})",frozenset({'packaged vegetables fruits'}),0.02851,0.3423,0.01561,0.5475271834444054,1.5995535595805008,1.0,0.005851027,1.4535679844961238,0.3858254439449882,0.043947072072072,0.3120376819893651,0.2965652277140227,"oils vinegars, fresh vegetables",packaged vegetables fruits,"oils vinegars, fresh vegetables → packaged vegetables fruits"
frozenset({'oils vinegars'}),"frozenset({'packaged vegetables fruits', 'fresh vegetables'})",0.04385,0.21588,0.01561,0.3559863169897377,1.6490009124964693,1.0,0.006143662,1.2175517705382437,0.41162181384659,0.0639439619859085,0.1786796880448627,0.2141475035013539,oils vinegars,"packaged vegetables fruits, fresh vegetables","oils vinegars → packaged vegetables fruits, fresh vegetables"
"frozenset({'packaged cheese', 'other creams cheeses'})",frozenset({'fresh vegetables'}),0.02107,0.44933,0.01511,0.7171333649738966,1.5960059755055227,1.0,0.0056426169,1.946747802013423,0.3814735781391754,0.0331876386478947,0.4863227794757233,0.3753806054388989,"packaged cheese, other creams cheeses",fresh vegetables,"packaged cheese, other creams cheeses → fresh vegetables"
"frozenset({'fresh vegetables', 'other creams cheeses'})",frozenset({'packaged cheese'}),0.03928,0.16892,0.01511,0.3846741344195519,2.277256301323419,1.0,0.0084748224,1.350633942904427,0.5838070156846297,0.0782536640944637,0.2596069384650718,0.2370623809677678,"fresh vegetables, other creams cheeses",packaged cheese,"fresh vegetables, other creams cheeses → packaged cheese"
"frozenset({'packaged vegetables fruits', 'other creams cheeses'})",frozenset({'fresh vegetables'}),0.02858,0.44933,0.02101,0.7351294611616515,1.6360569317910032,1.0,0.0081681486,2.079015667107001,0.4002123968120742,0.0459838038958196,0.5190031437369957,0.3909439841361192,"packaged vegetables fruits, other creams cheeses",fresh vegetables,"packaged vegetables fruits, other creams cheeses → fresh vegetables"
"frozenset({'fresh vegetables', 'other creams cheeses'})",frozenset({'packaged vegetables fruits'}),0.03928,0.3423,0.02101,0.534877800407332,1.562599475335472,1.0,0.007564456,1.4140370005473455,0.3747613690810743,0.0582688520952935,0.2928049268775004,0.2981283538992547,"fresh vegetables, other creams cheeses",packaged vegetables fruits,"fresh vegetables, other creams cheeses → packaged vegetables fruits"
frozenset({'other creams cheeses'}),"frozenset({'packaged vegetables fruits', 'fresh vegetables'})",0.06531,0.21588,0.02101,0.3216965242688715,1.4901636291869165,1.0,0.0069108772,1.1560017426636569,0.3519164170265616,0.0807517872242293,0.1349494009448445,0.2095095554455345,other creams cheeses,"packaged vegetables fruits, fresh vegetables","other creams cheeses → packaged vegetables fruits, fresh vegetables"
"frozenset({'yogurt', 'other creams cheeses'})",frozenset({'fresh vegetables'}),0.0182,0.44933,0.01254,0.689010989010989,1.533418621082476,1.0,0.004362194,1.7707056537102472,0.3543108173218282,0.0275610452976988,0.4352533986071313,0.358459603957345,"yogurt, other creams cheeses",fresh vegetables,"yogurt, other creams cheeses → fresh vegetables"
"frozenset({'fresh vegetables', 'other creams cheeses'})",frozenset({'yogurt'}),0.03928,0.20368,0.01254,0.3192464358452138,1.5673921634191568,1.0,0.0045394496,1.1697625130890053,0.3767982094237402,0.0544223591702109,0.1451256226708029,0.1904068000121591,"fresh vegetables, other creams cheeses",yogurt,"fresh vegetables, other creams cheeses → yogurt"
"frozenset({'packaged vegetables fruits', 'packaged cheese'})",frozenset({'fresh vegetables'}),0.08165,0.44933,0.05924,0.725535823637477,1.6147059480503796,1.0,0.0225522055,2.0063456269522533,0.4145393289869352,0.125577648704795,0.5015813892848294,0.4286882821478953,"packaged vegetables fruits, packaged cheese",fresh vegetables,"packaged vegetables fruits, packaged cheese → fresh vegetables"
"frozenset({'packaged cheese', 'fresh vegetables'})",frozenset({'packaged vegetables fruits'}),0.10096,0.3423,0.05924,0.5867670364500793,1.7141894141106613,1.0,0.024681392,1.5915961649089168,0.4634208667202853,0.1542627988125618,0.3716999185800203,0.3799157998493458,"packaged cheese, fresh vegetables",packaged vegetables fruits,"packaged cheese, fresh vegetables → packaged vegetables fruits"
frozenset({'packaged cheese'}),"frozenset({'packaged vegetables fruits', 'fresh vegetables'})",0.16892,0.21588,0.05924,0.3506985555292446,1.6245069275951671,1.0,0.0227735504,1.2076363092633116,0.462565098782002,0.1819633861653766,0.1719361265230381,0.3125551328693101,packaged cheese,"packaged vegetables fruits, fresh vegetables","packaged cheese → packaged vegetables fruits, fresh vegetables"
"frozenset({'packaged cheese', 'pasta sauce'})",frozenset({'fresh vegetables'}),0.01382,0.44933,0.01033,0.7474674384949349,1.663515542017971,1.0,0.0041202594,2.180590085959885,0.4044529865470718,0.0228125966167572,0.5414085359560806,0.3852286116428116,"packaged cheese, pasta sauce",fresh vegetables,"packaged cheese, pasta sauce → fresh vegetables"
"frozenset({'fresh vegetables', 'pasta sauce'})",frozenset({'packaged cheese'}),0.02648,0.16892,0.01033,0.3901057401812689,2.3094112016414217,1.0,0.0058569984,1.362662439628483,0.5824114517575446,0.0558167179985951,0.2661425376392993,0.2256294744003668,"fresh vegetables, pasta sauce",packaged cheese,"fresh vegetables, pasta sauce → packaged cheese"
"frozenset({'refrigerated', 'packaged cheese'})",frozenset({'fresh vegetables'}),0.01753,0.44933,0.01114,0.6354820308043354,1.4142880083776632,1.0,0.0032632451,1.5106799843505476,0.2981571344228053,0.0244448345475291,0.3380464358042664,0.3301372497955979,"refrigerated, packaged cheese",fresh vegetables,"refrigerated, packaged cheese → fresh vegetables"
"frozenset({'packaged cheese', 'soy lactosefree'})",frozenset({'fresh vegetables'}),0.03026,0.44933,0.02043,0.6751487111698612,1.5025676255087823,1.0,0.0068332742,1.6951448830111902,0.3449095120045752,0.0444942939280425,0.4100799229481562,0.3603082037588784,"packaged cheese, soy lactosefree",fresh vegetables,"packaged cheese, soy lactosefree → fresh vegetables"
"frozenset({'water seltzer sparkling water', 'packaged cheese'})",frozenset({'fresh vegetables'}),0.0308,0.44933,0.01832,0.5948051948051948,1.323760253722642,1.0,0.004480636,1.3590253205128204,0.2523485357752398,0.0396699941534397,0.2641785367011001,0.3177885053099261,"water seltzer sparkling water, packaged cheese",fresh vegetables,"water seltzer sparkling water, packaged cheese → fresh vegetables"
"frozenset({'yogurt', 'packaged cheese'})",frozenset({'fresh vegetables'}),0.05481,0.44933,0.03592,0.655354862251414,1.4585157061656555,1.0,0.0112922227,1.5977883906829011,0.3326013351954242,0.0767160736405963,0.3741348943131349,0.3676480540531768,"yogurt, packaged cheese",fresh vegetables,"yogurt, packaged cheese → fresh vegetables"
"frozenset({'yogurt', 'fresh vegetables'})",frozenset({'packaged cheese'}),0.10979,0.16892,0.03592,0.3271700519172966,1.936834311610802,1.0,0.0173742732,1.2352006660349262,0.5433477208863583,0.1479467852876972,0.1904149443101706,0.2699075454945233,"yogurt, fresh vegetables",packaged cheese,"yogurt, fresh vegetables → packaged cheese"
"frozenset({'packaged cheese', 'fresh vegetables'})",frozenset({'yogurt'}),0.10096,0.20368,0.03592,0.355784469096672,1.7467815646930087,1.0,0.0153564672,1.236108044280443,0.4755278681818884,0.1336707353378981,0.1910092288234277,0.2660697679340391,"packaged cheese, fresh vegetables",yogurt,"packaged cheese, fresh vegetables → yogurt"
"frozenset({'packaged produce', 'packaged vegetables fruits'})",frozenset({'fresh vegetables'}),0.0235,0.44933,0.01178,0.5012765957446809,1.115609008400687,1.0,0.001220745,1.1041591296928328,0.1061224862364026,0.0255503741459711,0.0943334406172133,0.2637467037210485,"packaged produce, packaged vegetables fruits",fresh vegetables,"packaged produce, packaged vegetables fruits → fresh vegetables"
"frozenset({'packaged produce', 'fresh vegetables'})",frozenset({'packaged vegetables fruits'}),0.02111,0.3423,0.01178,0.5580293699668404,1.6302347939434425,1.0,0.004554047,1.4881079314040728,0.3949283639081103,0.0335011233398743,0.3280057320462831,0.2962218132334932,"packaged produce, fresh vegetables",packaged vegetables fruits,"packaged produce, fresh vegetables → packaged vegetables fruits"
"frozenset({'packaged vegetables fruits', 'pasta sauce'})",frozenset({'fresh vegetables'}),0.01976,0.44933,0.01551,0.784919028340081,1.7468653959007432,1.0,0.0066312392,2.5602915764705885,0.4361646614208297,0.0341946293928303,0.6094194859717816,0.4097185442815398,"packaged vegetables fruits, pasta sauce",fresh vegetables,"packaged vegetables fruits, pasta sauce → fresh vegetables"
"frozenset({'fresh vegetables', 'pasta sauce'})",frozenset({'packaged vegetables fruits'}),0.02648,0.3423,0.01551,0.5857250755287009,1.71114541492463,1.0,0.006445896,1.587593072014585,0.4269004555921259,0.0439040960172106,0.3701156690416617,0.3155181030579526,"fresh vegetables, pasta sauce",packaged vegetables fruits,"fresh vegetables, pasta sauce → packaged vegetables fruits"
frozenset({'pasta sauce'}),"frozenset({'packaged vegetables fruits', 'fresh vegetables'})",0.03845,0.21588,0.01551,0.4033810143042913,1.868542775172741,1.0,0.007209414,1.3142726242371403,0.4834107406571856,0.0649443095218156,0.2391228565835475,0.2376132420048415,pasta sauce,"packaged vegetables fruits, fresh vegetables","pasta sauce → packaged vegetables fruits, fresh vegetables"
"frozenset({'packaged vegetables fruits', 'poultry counter'})",frozenset({'fresh vegetables'}),0.01624,0.44933,0.01374,0.8460591133004925,1.8829348436572064,1.0,0.0064428808,3.5771523199999984,0.4766550556880715,0.0304096673527654,0.7204480238627354,0.4383189875807428,"packaged vegetables fruits, poultry counter",fresh vegetables,"packaged vegetables fruits, poultry counter → fresh vegetables"
"frozenset({'poultry counter', 'fresh vegetables'})",frozenset({'packaged vegetables fruits'}),0.02357,0.3423,0.01374,0.5829444208739923,1.7030219715863055,1.0,0.005671989,1.5770080366225838,0.4227732815294929,0.0390196802317326,0.3658878225239355,0.3115423243721408,"poultry counter, fresh vegetables",packaged vegetables fruits,"poultry counter, fresh vegetables → packaged vegetables fruits"
frozenset({'poultry counter'}),"frozenset({'packaged vegetables fruits', 'fresh vegetables'})",0.03114,0.21588,0.01374,0.441233140655106,2.0438815112799054,1.0,0.0070174968,1.4033044137931037,0.5271503077447434,0.0588991769547325,0.2873962412068382,0.2524398054581811,poultry counter,"packaged vegetables fruits, fresh vegetables","poultry counter → packaged vegetables fruits, fresh vegetables"
"frozenset({'packaged vegetables fruits', 'refrigerated'})",frozenset({'fresh vegetables'}),0.03337,0.44933,0.02232,0.6688642493257417,1.4885813307051423,1.0,0.0073258579,1.66297356561086,0.3395502311785872,0.0484816890394891,0.3986675310544277,0.3592691041656862,"packaged vegetables fruits, refrigerated",fresh vegetables,"packaged vegetables fruits, refrigerated → fresh vegetables"
"frozenset({'refrigerated', 'fresh vegetables'})",frozenset({'packaged vegetables fruits'}),0.0419,0.3423,0.02232,0.5326968973747017,1.5562281547610337,1.0,0.00797763,1.4074376915219613,0.3730515592576257,0.0616779042776611,0.2894889727454793,0.2989514285295945,"refrigerated, fresh vegetables",packaged vegetables fruits,"refrigerated, fresh vegetables → packaged vegetables fruits"
"frozenset({'packaged vegetables fruits', 'soup broth bouillon'})",frozenset({'fresh vegetables'}),0.02159,0.44933,0.01793,0.8304770727188513,1.8482564545408748,1.0,0.0082289653,3.2483511748633878,0.4690769132223945,0.0395814477140775,0.6921515112841653,0.4351904647861944,"packaged vegetables fruits, soup broth bouillon",fresh vegetables,"packaged vegetables fruits, soup broth bouillon → fresh vegetables"
"frozenset({'soup broth bouillon', 'fresh vegetables'})",frozenset({'packaged vegetables fruits'}),0.03229,0.3423,0.01793,0.5552802725301952,1.6222035423026444,1.0,0.006877133,1.4789089832869082,0.3963527766113252,0.0502719677003308,0.3238258667024406,0.3038306124555738,"soup broth bouillon, fresh vegetables",packaged vegetables fruits,"soup broth bouillon, fresh vegetables → packaged vegetables fruits"
frozenset({'soup broth bouillon'}),"frozenset({'packaged vegetables fruits', 'fresh vegetables'})",0.04343,0.21588,0.01793,0.4128482615703431,1.9123969870777429,1.0,0.0085543316,1.3354639843137257,0.4987570359170614,0.0742812163393819,0.2511965790572146,0.2479518313595647,soup broth bouillon,"packaged vegetables fruits, fresh vegetables","soup broth bouillon → packaged vegetables fruits, fresh vegetables"
"frozenset({'packaged vegetables fruits', 'soy lactosefree'})",frozenset({'fresh vegetables'}),0.06685,0.44933,0.04676,0.6994764397905759,1.5567098564319677,1.0,0.0167222895,1.8323688153310107,0.3832390675970034,0.099612287503728,0.4542583394602501,0.4017712468465265,"packaged vegetables fruits, soy lactosefree",fresh vegetables,"packaged vegetables fruits, soy lactosefree → fresh vegetables"
"frozenset({'soy lactosefree', 'fresh vegetables'})",frozenset({'packaged vegetables fruits'}),0.08036,0.3423,0.04676,0.5818815331010453,1.6999168364038717,1.0,0.019252772,1.5729991666666665,0.4477142448607201,0.1243947858472998,0.3642717547529958,0.3592434250372302,"soy lactosefree, fresh vegetables",packaged vegetables fruits,"soy lactosefree, fresh vegetables → packaged vegetables fruits"
frozenset({'soy lactosefree'}),"frozenset({'packaged vegetables fruits', 'fresh vegetables'})",0.14592,0.21588,0.04676,0.3204495614035088,1.4843874439665965,1.0,0.0152587904,1.1538805002016943,0.3820736197144865,0.1484255967496191,0.1333591304947059,0.2685256886135573,soy lactosefree,"packaged vegetables fruits, fresh vegetables","soy lactosefree → packaged vegetables fruits, fresh vegetables"
"frozenset({'packaged vegetables fruits', 'spreads'})",frozenset({'fresh vegetables'}),0.01822,0.44933,0.01231,0.6756311745334797,1.5036413649956148,1.0,0.0041232074,1.6976662267343483,0.3411638030289619,0.0270406818381513,0.4109560617674463,0.3515137601018498,"packaged vegetables fruits, spreads",fresh vegetables,"packaged vegetables fruits, spreads → fresh vegetables"
"frozenset({'spreads', 'fresh vegetables'})",frozenset({'packaged vegetables fruits'}),0.02108,0.3423,0.01231,0.583965844402277,1.706005972545361,1.0,0.005094316,1.5808798175598626,0.4227470894747217,0.0350642322044036,0.3674408459818716,0.3099642251517666,"spreads, fresh vegetables",packaged vegetables fruits,"spreads, fresh vegetables → packaged vegetables fruits"
"frozenset({'water seltzer sparkling water', 'packaged vegetables fruits'})",frozenset({'fresh vegetables'}),0.06053,0.44933,0.0384,0.6343961671898232,1.4118713800320992,1.0,0.0112020550999999,1.506193181201988,0.3105157002308038,0.0814491155135112,0.3360745404504025,0.3599283709115831,"water seltzer sparkling water, packaged vegetables fruits",fresh vegetables,"water seltzer sparkling water, packaged vegetables fruits → fresh vegetables"
"frozenset({'water seltzer sparkling water', 'fresh vegetables'})",frozenset({'packaged vegetables fruits'}),0.07161,0.3423,0.0384,0.5362379555927943,1.5665730516879763,1.0,0.013887897,1.4181841915085815,0.3895604049752798,0.1022609251418071,0.2948729749016182,0.3242101259120851,"water seltzer sparkling water, fresh vegetables",packaged vegetables fruits,"water seltzer sparkling water, fresh vegetables → packaged vegetables fruits"
"frozenset({'yogurt', 'packaged vegetables fruits'})",frozenset({'fresh vegetables'}),0.0928,0.44933,0.06342,0.6834051724137932,1.5209426755698332,1.0,0.021722176,1.7393524846834585,0.3775496299410943,0.1324810428025318,0.4250734058761021,0.4122743263533368,"yogurt, packaged vegetables fruits",fresh vegetables,"yogurt, packaged vegetables fruits → fresh vegetables"
"frozenset({'yogurt', 'fresh vegetables'})",frozenset({'packaged vegetables fruits'}),0.10979,0.3423,0.06342,0.577648237544403,1.687549627649439,1.0,0.025838883,1.557232758248868,0.457672722657672,0.1631718424370288,0.3578352402986209,0.3814621555820174,"yogurt, fresh vegetables",packaged vegetables fruits,"yogurt, fresh vegetables → packaged vegetables fruits"
frozenset({'yogurt'}),"frozenset({'packaged vegetables fruits', 'fresh vegetables'})",0.20368,0.21588,0.06342,0.3113707776904949,1.4423326741268063,1.0,0.0194495616,1.1386679138742335,0.385119895891964,0.1780760375133374,0.1217808214182713,0.3025725483783213,yogurt,"packaged vegetables fruits, fresh vegetables","yogurt → packaged vegetables fruits, fresh vegetables"
"frozenset({'yogurt', 'refrigerated'})",frozenset({'fresh vegetables'}),0.02191,0.44933,0.01228,0.5604746691008672,1.2473564398123145,1.0,0.0024351797,1.2528743198338526,0.2027467163866504,0.0267561443263029,0.2018353444002164,0.2939021243485775,"yogurt, refrigerated",fresh vegetables,"yogurt, refrigerated → fresh vegetables"
"frozenset({'water seltzer sparkling water', 'soy lactosefree'})",frozenset({'fresh vegetables'}),0.02812,0.44933,0.01555,0.5529871977240398,1.2306928042286065,1.0,0.0029148404,1.2318886555290374,0.1928731359924683,0.0336652955185105,0.1882383237220836,0.2937971396894741,"water seltzer sparkling water, soy lactosefree",fresh vegetables,"water seltzer sparkling water, soy lactosefree → fresh vegetables"
"frozenset({'yogurt', 'soy lactosefree'})",frozenset({'fresh vegetables'}),0.03763,0.44933,0.02239,0.5950039861812384,1.3242026710463095,1.0,0.0054817121,1.3596923950131234,0.254401725589586,0.0481951051509998,0.2645395358040903,0.3224168663463555,"yogurt, soy lactosefree",fresh vegetables,"yogurt, soy lactosefree → fresh vegetables"
"frozenset({'yogurt', 'water seltzer sparkling water'})",frozenset({'fresh vegetables'}),0.03743,0.44933,0.0194,0.5183008282126637,1.153497047187287,1.0,0.0025815781,1.143182368275097,0.1382455676807653,0.0415097569325573,0.1252489298720897,0.2807381113444419,"yogurt, water seltzer sparkling water",fresh vegetables,"yogurt, water seltzer sparkling water → fresh vegetables"
"frozenset({'frozen produce', 'packaged vegetables fruits'})",frozenset({'milk'}),0.05172,0.23003,0.01554,0.3004640371229698,1.3061950055339295,1.0,0.0036428483999999,1.1006867993366505,0.2472028609245464,0.0583749671312122,0.0914763394976035,0.1840102214045923,"frozen produce, packaged vegetables fruits",milk,"frozen produce, packaged vegetables fruits → milk"
"frozenset({'frozen produce', 'milk'})",frozenset({'packaged vegetables fruits'}),0.0263,0.3423,0.01554,0.5908745247148289,1.7261890876857404,1.0,0.00653751,1.607575278810409,0.4320521610241236,0.0440151815555429,0.3779451493307419,0.3181366488604819,"frozen produce, milk",packaged vegetables fruits,"frozen produce, milk → packaged vegetables fruits"
"frozenset({'frozen produce', 'yogurt'})",frozenset({'milk'}),0.02816,0.23003,0.01121,0.3980823863636363,1.7305672580256328,1.0,0.0047323551999999,1.2791949970501475,0.4343871320029478,0.045388290549842,0.2182583559926183,0.2234075801748191,"frozen produce, yogurt",milk,"frozen produce, yogurt → milk"
"frozenset({'frozen produce', 'milk'})",frozenset({'yogurt'}),0.0263,0.20368,0.01121,0.4262357414448668,2.0926735145564948,1.0,0.005853216,1.3878870775347911,0.5362456330300461,0.0512410293915984,0.2794802861222459,0.2406365274388513,"frozen produce, milk",yogurt,"frozen produce, milk → yogurt"
"frozenset({'frozen produce', 'packaged cheese'})",frozenset({'packaged vegetables fruits'}),0.02423,0.3423,0.01538,0.634750309533636,1.854368418152603,1.0,0.0070860709999999,1.8006859887005648,0.4721736012077181,0.0437989463192367,0.4446560886933799,0.3398408281527367,"frozen produce, packaged cheese",packaged vegetables fruits,"frozen produce, packaged cheese → packaged vegetables fruits"
"frozenset({'frozen produce', 'soy lactosefree'})",frozenset({'packaged vegetables fruits'}),0.02421,0.3423,0.0151,0.6237092110698059,1.82211279891851,1.0,0.006812917,1.7478503841931945,0.4623807953467352,0.042969750433966,0.4278686499464892,0.3339112809658115,"frozen produce, soy lactosefree",packaged vegetables fruits,"frozen produce, soy lactosefree → packaged vegetables fruits"
"frozenset({'frozen produce', 'yogurt'})",frozenset({'packaged vegetables fruits'}),0.02816,0.3423,0.01703,0.6047585227272727,1.7667499933604227,1.0,0.007390832,1.664046001796945,0.4465642087768181,0.0481849305378717,0.3990550748476094,0.3272551012701511,"frozen produce, yogurt",packaged vegetables fruits,"frozen produce, yogurt → packaged vegetables fruits"
"frozenset({'frozen produce', 'packaged vegetables fruits'})",frozenset({'yogurt'}),0.05172,0.20368,0.01703,0.3292730085073472,1.6166192483667874,1.0,0.0064956704,1.1872490746612856,0.4022284089169349,0.0714435541385241,0.1577167577196946,0.2064422780164387,"frozen produce, packaged vegetables fruits",yogurt,"frozen produce, packaged vegetables fruits → yogurt"
"frozenset({'packaged cheese', 'lunch meat'})",frozenset({'milk'}),0.02522,0.23003,0.01039,0.4119746233148295,1.7909604108804482,1.0,0.0045886434,1.3094162778152396,0.4530667081149438,0.0424324103569386,0.2363009251202378,0.2285713224386172,"packaged cheese, lunch meat",milk,"packaged cheese, lunch meat → milk"
"frozenset({'milk', 'lunch meat'})",frozenset({'packaged cheese'}),0.02487,0.16892,0.01039,0.4177724165661439,2.473196877611556,1.0,0.0061889596,1.4274143370165746,0.610857038611875,0.0566521264994547,0.2994325655365836,0.2396404114561716,"milk, lunch meat",packaged cheese,"milk, lunch meat → packaged cheese"
"frozenset({'packaged vegetables fruits', 'lunch meat'})",frozenset({'milk'}),0.03777,0.23003,0.01392,0.3685464654487689,1.6021669584348517,1.0,0.0052317669,1.2193612955974844,0.3905982179685336,0.0548290530959508,0.1798985226031779,0.2145301557344266,"packaged vegetables fruits, lunch meat",milk,"packaged vegetables fruits, lunch meat → milk"
"frozenset({'milk', 'lunch meat'})",frozenset({'packaged vegetables fruits'}),0.02487,0.3423,0.01392,0.5597104945717732,1.6351460548401204,1.0,0.005406999,1.4937898630136983,0.3983405660854415,0.0394055201698513,0.3305617980413156,0.3001882884778235,"milk, lunch meat",packaged vegetables fruits,"milk, lunch meat → packaged vegetables fruits"
"frozenset({'yogurt', 'lunch meat'})",frozenset({'milk'}),0.02368,0.23003,0.01026,0.433277027027027,1.8835674782725167,1.0,0.0048128896,1.3586355886736214,0.4804700852243505,0.0421441774491682,0.263967462403765,0.2389399524562601,"yogurt, lunch meat",milk,"yogurt, lunch meat → milk"
"frozenset({'milk', 'lunch meat'})",frozenset({'yogurt'}),0.02487,0.20368,0.01026,0.4125452352231604,2.0254577534522804,1.0,0.0051944784,1.3555426694045176,0.5191968706166813,0.0470016949928993,0.2622880691470268,0.2314591847757593,"milk, lunch meat",yogurt,"milk, lunch meat → yogurt"
"frozenset({'packaged vegetables fruits', 'lunch meat'})",frozenset({'packaged cheese'}),0.03777,0.16892,0.01502,0.3976701085517607,2.3541919757977787,1.0,0.0086398916,1.379775454945055,0.5978048965346573,0.0783638545416601,0.2752443910956355,0.2432939697388214,"packaged vegetables fruits, lunch meat",packaged cheese,"packaged vegetables fruits, lunch meat → packaged cheese"
"frozenset({'packaged cheese', 'lunch meat'})",frozenset({'packaged vegetables fruits'}),0.02522,0.3423,0.01502,0.5955590800951626,1.739874613190659,1.0,0.006387194,1.6261954901960782,0.436248116239906,0.0426099290780141,0.3850677818080623,0.3197193589199155,"packaged cheese, lunch meat",packaged vegetables fruits,"packaged cheese, lunch meat → packaged vegetables fruits"
"frozenset({'yogurt', 'lunch meat'})",frozenset({'packaged cheese'}),0.02368,0.16892,0.0103,0.4349662162162162,2.574983520105472,1.0,0.0062999744,1.470850104633782,0.6264831202884301,0.056500274273176,0.320121066824152,0.2479709129861569,"yogurt, lunch meat",packaged cheese,"yogurt, lunch meat → packaged cheese"
"frozenset({'packaged cheese', 'lunch meat'})",frozenset({'yogurt'}),0.02522,0.20368,0.0103,0.408406026962728,2.0051356390550272,1.0,0.0051631904,1.3460583378016089,0.5142500065237523,0.0471180237877401,0.2570901483859855,0.2294877738898479,"packaged cheese, lunch meat",yogurt,"packaged cheese, lunch meat → yogurt"
"frozenset({'yogurt', 'lunch meat'})",frozenset({'packaged vegetables fruits'}),0.02368,0.3423,0.01427,0.6026182432432432,1.7604973509881483,1.0,0.0061643359999999,1.65508352816153,0.442456055971631,0.0405731995109607,0.3958008867922202,0.3221534102573213,"yogurt, lunch meat",packaged vegetables fruits,"yogurt, lunch meat → packaged vegetables fruits"
"frozenset({'packaged vegetables fruits', 'lunch meat'})",frozenset({'yogurt'}),0.03777,0.20368,0.01427,0.3778130791633571,1.8549345991916597,1.0,0.0065770064,1.2798726127659574,0.4789888438093767,0.0628136279602077,0.2186722412640108,0.223936979487413,"packaged vegetables fruits, lunch meat",yogurt,"packaged vegetables fruits, lunch meat → yogurt"
"frozenset({'other creams cheeses', 'milk'})",frozenset({'packaged vegetables fruits'}),0.02222,0.3423,0.01138,0.5121512151215121,1.4962057117192875,1.0,0.0037740939999999,1.348163653136531,0.3391792698793555,0.0322251798153706,0.2582502890702631,0.2726984530179573,"other creams cheeses, milk",packaged vegetables fruits,"other creams cheeses, milk → packaged vegetables fruits"
"frozenset({'packaged vegetables fruits', 'other creams cheeses'})",frozenset({'milk'}),0.02858,0.23003,0.01138,0.398180545836249,1.7309939826816023,1.0,0.0048057425999999,1.2794036395348836,0.4347215836335327,0.0460300125389313,0.2183858407941206,0.2238261769306446,"packaged vegetables fruits, other creams cheeses",milk,"packaged vegetables fruits, other creams cheeses → milk"
"frozenset({'packaged vegetables fruits', 'packaged cheese'})",frozenset({'milk'}),0.08165,0.23003,0.03158,0.3867728107777097,1.681401603172237,1.0,0.0127980504999999,1.2556031655682047,0.441289367412912,0.1127454480542663,0.2035700232187094,0.2620296258383614,"packaged vegetables fruits, packaged cheese",milk,"packaged vegetables fruits, packaged cheese → milk"
"frozenset({'packaged vegetables fruits', 'milk'})",frozenset({'packaged cheese'}),0.09306,0.16892,0.03158,0.3393509563722329,2.0089448044768705,1.0,0.0158603048,1.257975029277814,0.5537590628470661,0.1370659722222222,0.2050716614191569,0.2631516799384252,"packaged vegetables fruits, milk",packaged cheese,"packaged vegetables fruits, milk → packaged cheese"
"frozenset({'packaged cheese', 'milk'})",frozenset({'packaged vegetables fruits'}),0.05748,0.3423,0.03158,0.5494084899095336,1.6050496345589649,1.0,0.0119045959999999,1.4596369111969107,0.3999557651718162,0.0857686040195545,0.3148981145043844,0.3208333714519915,"packaged cheese, milk",packaged vegetables fruits,"packaged cheese, milk → packaged vegetables fruits"
"frozenset({'water seltzer sparkling water', 'packaged cheese'})",frozenset({'milk'}),0.0308,0.23003,0.01099,0.3568181818181818,1.5511810712436718,1.0,0.0039050759999999,1.1971265017667845,0.3666218905341853,0.0439881524175472,0.1646663919609618,0.2022972794062434,"water seltzer sparkling water, packaged cheese",milk,"water seltzer sparkling water, packaged cheese → milk"
"frozenset({'yogurt', 'packaged cheese'})",frozenset({'milk'}),0.05481,0.23003,0.02428,0.4429848567779602,1.9257699290438648,1.0,0.0116720557,1.3823143039633148,0.5086037415870972,0.0931839115750691,0.2765755247320807,0.2742681532944272,"yogurt, packaged cheese",milk,"yogurt, packaged cheese → milk"
"frozenset({'yogurt', 'milk'})",frozenset({'packaged cheese'}),0.07134,0.16892,0.02428,0.3403420241098963,2.014811887934503,1.0,0.0122292472,1.259865006374841,0.5423683044258807,0.1124178164644874,0.2062641672400927,0.2420393520975718,"yogurt, milk",packaged cheese,"yogurt, milk → packaged cheese"
"frozenset({'packaged cheese', 'milk'})",frozenset({'yogurt'}),0.05748,0.20368,0.02428,0.4224077940153096,2.0738795856996743,1.0,0.0125724735999999,1.3786889638554218,0.5493909174472221,0.102499155690645,0.2746732394204712,0.2708071963006634,"packaged cheese, milk",yogurt,"packaged cheese, milk → yogurt"
"frozenset({'packaged vegetables fruits', 'refrigerated'})",frozenset({'milk'}),0.03337,0.23003,0.01061,0.3179502547198082,1.3822121232874331,1.0,0.0029338988999999,1.1289059270650266,0.2860681390401077,0.0419715969777285,0.1141865978152502,0.1820373366369549,"packaged vegetables fruits, refrigerated",milk,"packaged vegetables fruits, refrigerated → milk"
"frozenset({'refrigerated', 'milk'})",frozenset({'packaged vegetables fruits'}),0.02303,0.3423,0.01061,0.4607034303082935,1.3459054347306267,1.0,0.002726831,1.219551610305958,0.2630641158818795,0.0299109156517816,0.1800265019131725,0.2458498162350699,"refrigerated, milk",packaged vegetables fruits,"refrigerated, milk → packaged vegetables fruits"
"frozenset({'soy lactosefree', 'milk'})",frozenset({'packaged vegetables fruits'}),0.03287,0.3423,0.01626,0.4946759963492546,1.4451533635677902,1.0,0.0050085989999999,1.3015411800120409,0.3185010482760209,0.0453038366164219,0.2316800917580273,0.2710890937048639,"soy lactosefree, milk",packaged vegetables fruits,"soy lactosefree, milk → packaged vegetables fruits"
"frozenset({'water seltzer sparkling water', 'milk'})",frozenset({'packaged vegetables fruits'}),0.03696,0.3423,0.01672,0.4523809523809523,1.3215920314956249,1.0,0.0040685919999999,1.2010173913043476,0.2526757373580154,0.0461190489325315,0.1673725899056596,0.2506134969325153,"water seltzer sparkling water, milk",packaged vegetables fruits,"water seltzer sparkling water, milk → packaged vegetables fruits"
"frozenset({'yogurt', 'packaged vegetables fruits'})",frozenset({'milk'}),0.0928,0.23003,0.03646,0.3928879310344828,1.7079856150696986,1.0,0.0151132159999999,1.2682501952431666,0.4569168599155799,0.1273178056360652,0.2115120472674036,0.2756944980564754,"yogurt, packaged vegetables fruits",milk,"yogurt, packaged vegetables fruits → milk"
"frozenset({'yogurt', 'milk'})",frozenset({'packaged vegetables fruits'}),0.07134,0.3423,0.03646,0.5110737314269694,1.4930579358076816,1.0,0.012040318,1.345192603211009,0.3556022935104213,0.0966647224137016,0.2566120289295567,0.3087942422837447,"yogurt, milk",packaged vegetables fruits,"yogurt, milk → packaged vegetables fruits"
"frozenset({'packaged vegetables fruits', 'milk'})",frozenset({'yogurt'}),0.09306,0.20368,0.03646,0.3917902428540726,1.923557751640184,1.0,0.0175055392,1.309285144876325,0.5293955317260342,0.1400799139388351,0.2362244359730668,0.2853982636108541,"packaged vegetables fruits, milk",yogurt,"packaged vegetables fruits, milk → yogurt"
"frozenset({'yogurt', 'soy lactosefree'})",frozenset({'milk'}),0.03763,0.23003,0.01229,0.3266011161307467,1.4198196588738283,1.0,0.0036339711,1.1434084885556433,0.3072469002037307,0.0481262481889023,0.1254219205043661,0.1900144649470844,"yogurt, soy lactosefree",milk,"yogurt, soy lactosefree → milk"
"frozenset({'soy lactosefree', 'milk'})",frozenset({'yogurt'}),0.03287,0.20368,0.01229,0.3738971706723455,1.835708811235004,1.0,0.0055950384,1.2718677551020408,0.4707239913297526,0.0548024614286988,0.2137547351219931,0.21711845964882,"soy lactosefree, milk",yogurt,"soy lactosefree, milk → yogurt"
"frozenset({'yogurt', 'water seltzer sparkling water'})",frozenset({'milk'}),0.03743,0.23003,0.01312,0.3505209724819663,1.5238054709471214,1.0,0.0045099771,1.185519419991773,0.3571150717071701,0.0515844931980813,0.1564878793744773,0.2037785056297585,"yogurt, water seltzer sparkling water",milk,"yogurt, water seltzer sparkling water → milk"
"frozenset({'water seltzer sparkling water', 'milk'})",frozenset({'yogurt'}),0.03696,0.20368,0.01312,0.3549783549783549,1.7428238166651362,1.0,0.0055919872,1.23456322147651,0.442576151131174,0.0576652601969057,0.1899969295990995,0.2096965616211492,"water seltzer sparkling water, milk",yogurt,"water seltzer sparkling water, milk → yogurt"
"frozenset({'packaged vegetables fruits', 'other creams cheeses'})",frozenset({'packaged cheese'}),0.02858,0.16892,0.01206,0.4219734079776067,2.4980665876012718,1.0,0.0072322663999999,1.4377885230024214,0.6173338150271748,0.0650345125107851,0.3044874235664517,0.2466840755256255,"packaged vegetables fruits, other creams cheeses",packaged cheese,"packaged vegetables fruits, other creams cheeses → packaged cheese"
"frozenset({'packaged cheese', 'other creams cheeses'})",frozenset({'packaged vegetables fruits'}),0.02107,0.3423,0.01206,0.5723777883246322,1.6721524637003569,1.0,0.004847739,1.538039844617092,0.4106201750484703,0.0343286556033133,0.3498217855019495,0.3038050203673993,"packaged cheese, other creams cheeses",packaged vegetables fruits,"packaged cheese, other creams cheeses → packaged vegetables fruits"
"frozenset({'yogurt', 'other creams cheeses'})",frozenset({'packaged vegetables fruits'}),0.0182,0.3423,0.01048,0.5758241758241758,1.682220788268115,1.0,0.0042501399999999,1.5505362694300515,0.4130655020611775,0.0299411462202159,0.3550618455590327,0.3032202970853277,"yogurt, other creams cheeses",packaged vegetables fruits,"yogurt, other creams cheeses → packaged vegetables fruits"
"frozenset({'packaged vegetables fruits', 'other creams cheeses'})",frozenset({'yogurt'}),0.02858,0.20368,0.01048,0.3666899930020993,1.8003240033488774,1.0,0.0046588255999999,1.2573936795580112,0.4576233014359556,0.0472540355307061,0.2047041302517824,0.2090716265089051,"packaged vegetables fruits, other creams cheeses",yogurt,"packaged vegetables fruits, other creams cheeses → yogurt"
"frozenset({'soy lactosefree', 'packaged cheese'})",frozenset({'packaged vegetables fruits'}),0.03026,0.3423,0.01751,0.5786516853932585,1.6904811142075913,1.0,0.007152002,1.5609413333333335,0.4211978748782828,0.049316997605971,0.3593609326338126,0.3149028219545901,"soy lactosefree, packaged cheese",packaged vegetables fruits,"soy lactosefree, packaged cheese → packaged vegetables fruits"
"frozenset({'water seltzer sparkling water', 'packaged cheese'})",frozenset({'packaged vegetables fruits'}),0.0308,0.3423,0.01681,0.5457792207792207,1.5944470370412525,1.0,0.0062671599999999,1.4479742673338094,0.3846711921715918,0.0471806674338319,0.3093799920620658,0.2974440947600456,"water seltzer sparkling water, packaged cheese",packaged vegetables fruits,"water seltzer sparkling water, packaged cheese → packaged vegetables fruits"
"frozenset({'yogurt', 'packaged vegetables fruits'})",frozenset({'packaged cheese'}),0.0928,0.16892,0.03128,0.3370689655172414,1.995435505074837,1.0,0.015604224,1.2536447334200262,0.5498856547449898,0.1357403228606145,0.2023258477129054,0.2611226901940931,"yogurt, packaged vegetables fruits",packaged cheese,"yogurt, packaged vegetables fruits → packaged cheese"
"frozenset({'yogurt', 'packaged cheese'})",frozenset({'packaged vegetables fruits'}),0.05481,0.3423,0.03128,0.5706987775953294,1.6672473783094637,1.0,0.012518537,1.532024521886953,0.423416438362614,0.085504195938004,0.3472689335492313,0.3310403032002355,"yogurt, packaged cheese",packaged vegetables fruits,"yogurt, packaged cheese → packaged vegetables fruits"
"frozenset({'packaged vegetables fruits', 'packaged cheese'})",frozenset({'yogurt'}),0.08165,0.20368,0.03128,0.3830985915492958,1.8808846796410832,1.0,0.014649528,1.2908383561643837,0.5099747308952438,0.1231253690218461,0.2253096638905161,0.2683364128209951,"packaged vegetables fruits, packaged cheese",yogurt,"packaged vegetables fruits, packaged cheese → yogurt"
"frozenset({'yogurt', 'soy lactosefree'})",frozenset({'packaged cheese'}),0.03763,0.16892,0.01132,0.3008238107892639,1.7808655623328435,1.0,0.0049635404,1.1886560395286965,0.4556202919390224,0.0579828919735696,0.1587137348862491,0.1839188909499244,"yogurt, soy lactosefree",packaged cheese,"yogurt, soy lactosefree → packaged cheese"
"frozenset({'packaged cheese', 'soy lactosefree'})",frozenset({'yogurt'}),0.03026,0.20368,0.01132,0.3740912095175149,1.8366614764214204,1.0,0.0051566432,1.2722620485744456,0.4697484393653,0.0508489803252178,0.2139984045578597,0.2148342928970135,"packaged cheese, soy lactosefree",yogurt,"packaged cheese, soy lactosefree → yogurt"
"frozenset({'yogurt', 'water seltzer sparkling water'})",frozenset({'packaged cheese'}),0.03743,0.16892,0.01123,0.3000267165375367,1.7761467945627325,1.0,0.0049073244,1.1873024580152671,0.4539757865304399,0.0575543255432554,0.1577546283601299,0.1832539455290099,"yogurt, water seltzer sparkling water",packaged cheese,"yogurt, water seltzer sparkling water → packaged cheese"
"frozenset({'water seltzer sparkling water', 'packaged cheese'})",frozenset({'yogurt'}),0.0308,0.20368,0.01123,0.3646103896103896,1.790113853153916,1.0,0.004956656,1.2532782830863567,0.455402717133849,0.0503023516237402,0.2020926130329385,0.2098729481437651,"water seltzer sparkling water, packaged cheese",yogurt,"water seltzer sparkling water, packaged cheese → yogurt"
"frozenset({'yogurt', 'refrigerated'})",frozenset({'packaged vegetables fruits'}),0.02191,0.3423,0.01086,0.4956640803286171,1.448039965903059,1.0,0.003360207,1.3040911312217194,0.3163423876809402,0.0307343993207867,0.2331824240970307,0.2636953179907765,"yogurt, refrigerated",packaged vegetables fruits,"yogurt, refrigerated → packaged vegetables fruits"
"frozenset({'packaged vegetables fruits', 'refrigerated'})",frozenset({'yogurt'}),0.03337,0.20368,0.01086,0.3254420137848367,1.5978103583308951,1.0,0.0040631984,1.1805063705019991,0.3870596806215302,0.0480127326583845,0.1529058842988205,0.1893804727211693,"packaged vegetables fruits, refrigerated",yogurt,"packaged vegetables fruits, refrigerated → yogurt"
"frozenset({'water seltzer sparkling water', 'soy lactosefree'})",frozenset({'packaged vegetables fruits'}),0.02812,0.3423,0.01393,0.4953769559032717,1.4472011565973464,1.0,0.004304524,1.3033491190979565,0.317951861625285,0.0390754298858313,0.2327458657492347,0.2680361262133945,"water seltzer sparkling water, soy lactosefree",packaged vegetables fruits,"water seltzer sparkling water, soy lactosefree → packaged vegetables fruits"
"frozenset({'yogurt', 'soy lactosefree'})",frozenset({'packaged vegetables fruits'}),0.03763,0.3423,0.02038,0.5415891575870316,1.5822061279200457,1.0,0.007499251,1.434739188405797,0.3823592787771659,0.056681963565568,0.3030092102585246,0.3005637870903315,"yogurt, soy lactosefree",packaged vegetables fruits,"yogurt, soy lactosefree → packaged vegetables fruits"
"frozenset({'packaged vegetables fruits', 'soy lactosefree'})",frozenset({'yogurt'}),0.06685,0.20368,0.02038,0.3048616305160807,1.4967676282211348,1.0,0.0067639919999999,1.1455561007101356,0.3556701722094541,0.0814711173296022,0.1270615211423557,0.2024602732313318,"packaged vegetables fruits, soy lactosefree",yogurt,"packaged vegetables fruits, soy lactosefree → yogurt"
"frozenset({'yogurt', 'water seltzer sparkling water'})",frozenset({'packaged vegetables fruits'}),0.03743,0.3423,0.01815,0.4849051562917446,1.4166086949802643,1.0,0.005337711,1.2768522302904564,0.3055245440129845,0.0501963604181647,0.2168240174726236,0.2689644098724279,"yogurt, water seltzer sparkling water",packaged vegetables fruits,"yogurt, water seltzer sparkling water → packaged vegetables fruits"
"frozenset({'fresh fruits', 'bread', 'eggs'})",frozenset({'fresh vegetables'}),0.01637,0.44933,0.0114,0.6963958460598657,1.5498538848059682,1.0,0.0040444679,1.813776237424548,0.360682254470596,0.0250935505172793,0.4486640747813857,0.3608834770770697,"fresh fruits, bread, eggs",fresh vegetables,"fresh fruits, bread, eggs → fresh vegetables"
"frozenset({'bread', 'fresh vegetables', 'eggs'})",frozenset({'fresh fruits'}),0.01291,0.57912,0.0114,0.8830364058869095,1.5247900364119864,1.0,0.0039235608,3.5983846357615925,0.34867337324864,0.0196338459948676,0.7220975239662362,0.4513607226284941,"bread, fresh vegetables, eggs",fresh fruits,"bread, fresh vegetables, eggs → fresh fruits"
"frozenset({'bread', 'eggs'})","frozenset({'fresh fruits', 'fresh vegetables'})",0.02013,0.32152,0.0114,0.5663189269746648,1.761380091361859,1.0,0.0049278024,1.5644676288659798,0.4411435888649032,0.0345193035579106,0.3608049271528488,0.3008877541068895,"bread, eggs","fresh fruits, fresh vegetables","bread, eggs → fresh fruits, fresh vegetables"
"frozenset({'fresh fruits', 'bread', 'fresh vegetables'})",frozenset({'milk'}),0.0464,0.23003,0.01829,0.3941810344827586,1.713607070741897,1.0,0.007616608,1.2709572394165778,0.4366984562657556,0.0708530254900441,0.2131914678270044,0.2368462012825913,"fresh fruits, bread, fresh vegetables",milk,"fresh fruits, bread, fresh vegetables → milk"
"frozenset({'fresh fruits', 'bread', 'milk'})",frozenset({'fresh vegetables'}),0.0282,0.44933,0.01829,0.648581560283688,1.443441480167556,1.0,0.005618894,1.5669923309788094,0.3161260166549062,0.0398266701506837,0.3618347835975956,0.3446433050122065,"fresh fruits, bread, milk",fresh vegetables,"fresh fruits, bread, milk → fresh vegetables"
"frozenset({'bread', 'fresh vegetables', 'milk'})",frozenset({'fresh fruits'}),0.02132,0.57912,0.01829,0.8578799249530957,1.4813508857457791,1.0,0.0059431616,2.961439471947196,0.3320191401399545,0.0314180194108047,0.6623263755775892,0.4447311629185979,"bread, fresh vegetables, milk",fresh fruits,"bread, fresh vegetables, milk → fresh fruits"
"frozenset({'bread', 'fresh vegetables'})","frozenset({'fresh fruits', 'milk'})",0.05699,0.15639,0.01829,0.3209334971047552,2.052135667911984,1.0,0.0093773339,1.242308369509044,0.5436875355950607,0.0937516018247988,0.1950468784210182,0.2189423544095296,"bread, fresh vegetables","fresh fruits, milk","bread, fresh vegetables → fresh fruits, milk"
"frozenset({'bread', 'milk'})","frozenset({'fresh fruits', 'fresh vegetables'})",0.03579,0.32152,0.01829,0.5110366024029058,1.5894395446718894,1.0,0.0067827992,1.3875885257142857,0.3846127025102107,0.0539496194914754,0.2793252599972082,0.2839613218533564,"bread, milk","fresh fruits, fresh vegetables","bread, milk → fresh fruits, fresh vegetables"
"frozenset({'fresh fruits', 'bread', 'packaged cheese'})",frozenset({'fresh vegetables'}),0.02295,0.44933,0.01632,0.7111111111111111,1.5826032339507958,1.0,0.0060078765,1.9061653846153848,0.376776713064838,0.0357926133871392,0.4753865493146733,0.3737159276651409,"fresh fruits, bread, packaged cheese",fresh vegetables,"fresh fruits, bread, packaged cheese → fresh vegetables"
"frozenset({'fresh fruits', 'bread', 'fresh vegetables'})",frozenset({'packaged cheese'}),0.0464,0.16892,0.01632,0.3517241379310345,2.082193570512873,1.0,0.008482112,1.2819851063829788,0.5450264837478617,0.0820100502512563,0.2199597366451298,0.2241689598014159,"fresh fruits, bread, fresh vegetables",packaged cheese,"fresh fruits, bread, fresh vegetables → packaged cheese"
"frozenset({'bread', 'packaged cheese', 'fresh vegetables'})",frozenset({'fresh fruits'}),0.01882,0.57912,0.01632,0.8671625929861849,1.4973798055432122,1.0,0.0054209616,3.1683846400000006,0.3385380508223591,0.0280595577868711,0.6843817548616825,0.4476716404632541,"bread, packaged cheese, fresh vegetables",fresh fruits,"bread, packaged cheese, fresh vegetables → fresh fruits"
"frozenset({'bread', 'packaged cheese'})","frozenset({'fresh fruits', 'fresh vegetables'})",0.02895,0.32152,0.01632,0.5637305699481866,1.7533297149421083,1.0,0.007011996,1.5551857482185274,0.4424660085959104,0.0488403411641478,0.3569899922594426,0.3072447325978803,"bread, packaged cheese","fresh fruits, fresh vegetables","bread, packaged cheese → fresh fruits, fresh vegetables"
"frozenset({'fresh fruits', 'bread', 'packaged vegetables fruits'})",frozenset({'fresh vegetables'}),0.03822,0.44933,0.02777,0.7265829408686552,1.6170363449328002,1.0,0.0105966074,2.014029416267942,0.396748435316635,0.0603984514332941,0.5034829223830155,0.3941930349859934,"fresh fruits, bread, packaged vegetables fruits",fresh vegetables,"fresh fruits, bread, packaged vegetables fruits → fresh vegetables"
"frozenset({'fresh fruits', 'bread', 'fresh vegetables'})",frozenset({'packaged vegetables fruits'}),0.0464,0.3423,0.02777,0.5984913793103449,1.7484410730655708,1.0,0.01188728,1.6380719269994637,0.448890454427911,0.0769401268944116,0.3895261963058308,0.3398095225502937,"fresh fruits, bread, fresh vegetables",packaged vegetables fruits,"fresh fruits, bread, fresh vegetables → packaged vegetables fruits"
"frozenset({'bread', 'packaged vegetables fruits', 'fresh vegetables'})",frozenset({'fresh fruits'}),0.03131,0.57912,0.02777,0.8869370808048548,1.5315255574058138,1.0,0.0096377528,3.7225290395480255,0.358273830180384,0.0476607283836199,0.7313654267364921,0.4674445730036154,"bread, packaged vegetables fruits, fresh vegetables",fresh fruits,"bread, packaged vegetables fruits, fresh vegetables → fresh fruits"
"frozenset({'fresh fruits', 'bread'})","frozenset({'packaged vegetables fruits', 'fresh vegetables'})",0.07288,0.21588,0.02777,0.3810373216245883,1.7650422532174743,1.0,0.0120366656,1.2668292086011972,0.4675137254843471,0.10640254415878,0.2106276100910426,0.2548368005195389,"fresh fruits, bread","packaged vegetables fruits, fresh vegetables","fresh fruits, bread → packaged vegetables fruits, fresh vegetables"
"frozenset({'bread', 'packaged vegetables fruits'})","frozenset({'fresh fruits', 'fresh vegetables'})",0.04521,0.32152,0.02777,0.6142446361424464,1.910439898427614,1.0,0.0132340808,1.7588349082568808,0.4991258242092974,0.0819270710408307,0.4314418054215989,0.3503078119751794,"bread, packaged vegetables fruits","fresh fruits, fresh vegetables","bread, packaged vegetables fruits → fresh fruits, fresh vegetables"
"frozenset({'bread', 'fresh vegetables'})","frozenset({'fresh fruits', 'packaged vegetables fruits'})",0.05699,0.2571,0.02777,0.4872784699070012,1.8952877087008997,1.0,0.013117871,1.448934668035592,0.5009232364173537,0.0969893825090807,0.3098377573118875,0.2976454582129327,"bread, fresh vegetables","fresh fruits, packaged vegetables fruits","bread, fresh vegetables → fresh fruits, packaged vegetables fruits"
"frozenset({'fresh fruits', 'bread', 'soy lactosefree'})",frozenset({'fresh vegetables'}),0.0163,0.44933,0.0112,0.6871165644171779,1.5292025113328245,1.0,0.003875921,1.7599845098039215,0.3517986937074311,0.0246462601500781,0.4318131810652077,0.3560212826759515,"fresh fruits, bread, soy lactosefree",fresh vegetables,"fresh fruits, bread, soy lactosefree → fresh vegetables"
"frozenset({'bread', 'soy lactosefree', 'fresh vegetables'})",frozenset({'fresh fruits'}),0.01283,0.57912,0.0112,0.8729540140296181,1.5073801872316932,1.0,0.0037698904,3.3128161963190204,0.3409720282655036,0.0192854068015497,0.6981420215491783,0.4461468509159004,"bread, soy lactosefree, fresh vegetables",fresh fruits,"bread, soy lactosefree, fresh vegetables → fresh fruits"
"frozenset({'bread', 'soy lactosefree'})","frozenset({'fresh fruits', 'fresh vegetables'})",0.0201,0.32152,0.0112,0.5572139303482587,1.7330614902595756,1.0,0.004737448,1.5322975280898876,0.4316628518945083,0.033896253253435,0.3473852292599027,0.2960242331512381,"bread, soy lactosefree","fresh fruits, fresh vegetables","bread, soy lactosefree → fresh fruits, fresh vegetables"
"frozenset({'fresh fruits', 'bread', 'yogurt'})",frozenset({'fresh vegetables'}),0.02546,0.44933,0.01712,0.6724273369992144,1.496511109872954,1.0,0.0056800581999999,1.6810621342925658,0.3404468779806777,0.0374068652085563,0.4051379900833792,0.3552642549282899,"fresh fruits, bread, yogurt",fresh vegetables,"fresh fruits, bread, yogurt → fresh vegetables"
"frozenset({'fresh fruits', 'bread', 'fresh vegetables'})",frozenset({'yogurt'}),0.0464,0.20368,0.01712,0.3689655172413793,1.811496058726332,1.0,0.007669248,1.261927868852459,0.4697672959919714,0.0734890109890109,0.2075616802810168,0.2265094671831405,"fresh fruits, bread, fresh vegetables",yogurt,"fresh fruits, bread, fresh vegetables → yogurt"
"frozenset({'bread', 'yogurt', 'fresh vegetables'})",frozenset({'fresh fruits'}),0.01911,0.57912,0.01712,0.8958660387231816,1.5469437054896769,1.0,0.0060530168,4.041716984924625,0.3604523090464383,0.0294608593897885,0.7525803999315283,0.4627140664675446,"bread, yogurt, fresh vegetables",fresh fruits,"bread, yogurt, fresh vegetables → fresh fruits"
"frozenset({'bread', 'yogurt'})","frozenset({'fresh fruits', 'fresh vegetables'})",0.03049,0.32152,0.01712,0.561495572318793,1.7463783662565098,1.0,0.0073168552,1.5472591772625277,0.4408272239266836,0.0511212636985278,0.3536958677025012,0.307371324352977,"bread, yogurt","fresh fruits, fresh vegetables","bread, yogurt → fresh fruits, fresh vegetables"
"frozenset({'bread', 'fresh vegetables'})","frozenset({'fresh fruits', 'yogurt'})",0.05699,0.14829,0.01712,0.3004035795753641,2.025784473500331,1.0,0.0086689529,1.2174304715324806,0.5369657493151528,0.0909863945578231,0.1785978555792043,0.207926518360074,"bread, fresh vegetables","fresh fruits, yogurt","bread, fresh vegetables → fresh fruits, yogurt"
"frozenset({'fresh fruits', 'bread', 'packaged cheese'})",frozenset({'milk'}),0.02295,0.23003,0.01119,0.4875816993464052,2.1196439566422,1.0,0.0059108115,1.5026200255102042,0.5406301153016694,0.0462798296042019,0.3344957587261908,0.2681137640756718,"fresh fruits, bread, packaged cheese",milk,"fresh fruits, bread, packaged cheese → milk"
"frozenset({'fresh fruits', 'bread', 'milk'})",frozenset({'packaged cheese'}),0.0282,0.16892,0.01119,0.3968085106382979,2.3490913487940914,1.0,0.006426456,1.377804585537919,0.590968805571817,0.0601839401925455,0.2742076703064662,0.2315264433371456,"fresh fruits, bread, milk",packaged cheese,"fresh fruits, bread, milk → packaged cheese"
"frozenset({'bread', 'packaged cheese', 'milk'})",frozenset({'fresh fruits'}),0.01293,0.57912,0.01119,0.8654292343387471,1.494386714910117,1.0,0.0037019784,3.127573793103448,0.3351628242179423,0.0192645387873153,0.6802633395237291,0.4423758272812674,"bread, packaged cheese, milk",fresh fruits,"bread, packaged cheese, milk → fresh fruits"
"frozenset({'bread', 'packaged cheese'})","frozenset({'fresh fruits', 'milk'})",0.02895,0.15639,0.01119,0.3865284974093264,2.471567858618367,1.0,0.0066625095,1.3751413006756754,0.6131491946544142,0.0642549526270456,0.2728020025951879,0.229040193458164,"bread, packaged cheese","fresh fruits, milk","bread, packaged cheese → fresh fruits, milk"
"frozenset({'bread', 'milk'})","frozenset({'fresh fruits', 'packaged cheese'})",0.03579,0.1199,0.01119,0.3126571668063704,2.607649431245792,1.0,0.006898779,1.2804381707317072,0.6393968830780719,0.077439446366782,0.21901734667239,0.2029924699753287,"bread, milk","fresh fruits, packaged cheese","bread, milk → fresh fruits, packaged cheese"
"frozenset({'fresh fruits', 'bread', 'packaged vegetables fruits'})",frozenset({'milk'}),0.03822,0.23003,0.01587,0.4152276295133438,1.805102071526948,1.0,0.0070782534,1.3167003758389262,0.4637388040865156,0.0628813693636579,0.2405257730993983,0.2421093153435518,"fresh fruits, bread, packaged vegetables fruits",milk,"fresh fruits, bread, packaged vegetables fruits → milk"
"frozenset({'fresh fruits', 'bread', 'milk'})",frozenset({'packaged vegetables fruits'}),0.0282,0.3423,0.01587,0.5627659574468085,1.6440723267508282,1.0,0.0062171399999999,1.504228710462287,0.4031223022310439,0.044750867100922,0.3352074767322616,0.3045643985305909,"fresh fruits, bread, milk",packaged vegetables fruits,"fresh fruits, bread, milk → packaged vegetables fruits"
"frozenset({'bread', 'packaged vegetables fruits', 'milk'})",frozenset({'fresh fruits'}),0.01778,0.57912,0.01587,0.8925759280089988,1.5412624810212026,1.0,0.0055732463999999,3.917930052356017,0.3575382782238714,0.0273135638435192,0.7447631819259617,0.4599897874607779,"bread, packaged vegetables fruits, milk",fresh fruits,"bread, packaged vegetables fruits, milk → fresh fruits"
"frozenset({'bread', 'packaged vegetables fruits'})","frozenset({'fresh fruits', 'milk'})",0.04521,0.15639,0.01587,0.3510285335102853,2.244571478421161,1.0,0.0087996080999999,1.2999184764826175,0.5807357236939105,0.0854466160555645,0.2307209889762868,0.2262528050248529,"bread, packaged vegetables fruits","fresh fruits, milk","bread, packaged vegetables fruits → fresh fruits, milk"
"frozenset({'bread', 'milk'})","frozenset({'fresh fruits', 'packaged vegetables fruits'})",0.03579,0.2571,0.01587,0.4434199497066219,1.724698365253294,1.0,0.0066683909999999,1.3347585843373493,0.435785221900907,0.0572882824344812,0.2508008476330891,0.2525734520995186,"bread, milk","fresh fruits, packaged vegetables fruits","bread, milk → fresh fruits, packaged vegetables fruits"
"frozenset({'fresh fruits', 'bread', 'yogurt'})",frozenset({'milk'}),0.02546,0.23003,0.01206,0.4736842105263157,2.059227972552779,1.0,0.0062034361999999,1.462943,0.5278193928531523,0.0495419627819085,0.3164463687238668,0.2630560773537547,"fresh fruits, bread, yogurt",milk,"fresh fruits, bread, yogurt → milk"
"frozenset({'fresh fruits', 'bread', 'milk'})",frozenset({'yogurt'}),0.0282,0.20368,0.01206,0.4276595744680851,2.0996640537514,1.0,0.006316224,1.3913397769516729,0.538931192975235,0.054863069784369,0.281268302275574,0.2434350503919373,"fresh fruits, bread, milk",yogurt,"fresh fruits, bread, milk → yogurt"
"frozenset({'bread', 'yogurt', 'milk'})",frozenset({'fresh fruits'}),0.01381,0.57912,0.01206,0.8732802317161478,1.5079434861792855,1.0,0.0040623528,3.3213444571428585,0.3415621473847365,0.0207619605075145,0.6989171063394501,0.4470524656301418,"bread, yogurt, milk",fresh fruits,"bread, yogurt, milk → fresh fruits"
"frozenset({'bread', 'yogurt'})","frozenset({'fresh fruits', 'milk'})",0.03049,0.15639,0.01206,0.3955395211544769,2.529186784030161,1.0,0.0072916688999999,1.3956412859468257,0.6236304886229906,0.0689852419631621,0.2834835067797642,0.2363272130997782,"bread, yogurt","fresh fruits, milk","bread, yogurt → fresh fruits, milk"
"frozenset({'bread', 'milk'})","frozenset({'fresh fruits', 'yogurt'})",0.03579,0.14829,0.01206,0.3369656328583403,2.27234225408551,1.0,0.0067527008999999,1.2845638811630846,0.5807090237201378,0.0701081269619811,0.2215256752396242,0.2091463810660303,"bread, milk","fresh fruits, yogurt","bread, milk → fresh fruits, yogurt"
"frozenset({'fresh fruits', 'bread', 'packaged vegetables fruits'})",frozenset({'packaged cheese'}),0.03822,0.16892,0.01437,0.3759811616954475,2.225794232153964,1.0,0.0079138776,1.3318187672955977,0.5726072191041394,0.074544794314468,0.2491470877598396,0.2305255086241859,"fresh fruits, bread, packaged vegetables fruits",packaged cheese,"fresh fruits, bread, packaged vegetables fruits → packaged cheese"
"frozenset({'fresh fruits', 'bread', 'packaged cheese'})",frozenset({'packaged vegetables fruits'}),0.02295,0.3423,0.01437,0.6261437908496732,1.82922521428476,1.0,0.006514215,1.7592325174825174,0.4639685372193725,0.040954172366621,0.4315703069023464,0.3340622547587542,"fresh fruits, bread, packaged cheese",packaged vegetables fruits,"fresh fruits, bread, packaged cheese → packaged vegetables fruits"
"frozenset({'bread', 'packaged vegetables fruits', 'packaged cheese'})",frozenset({'fresh fruits'}),0.01612,0.57912,0.01437,0.8914392059553351,1.5392996373037284,1.0,0.0050345856,3.8769060571428615,0.356094141528029,0.0247387539380584,0.7420623597114026,0.4581263580543356,"bread, packaged vegetables fruits, packaged cheese",fresh fruits,"bread, packaged vegetables fruits, packaged cheese → fresh fruits"
"frozenset({'bread', 'packaged vegetables fruits'})","frozenset({'fresh fruits', 'packaged cheese'})",0.04521,0.1199,0.01437,0.3178500331785003,2.65095940932861,1.0,0.008949321,1.290185505836576,0.6522670737355246,0.0953297067798858,0.224917660695944,0.2188499540371234,"bread, packaged vegetables fruits","fresh fruits, packaged cheese","bread, packaged vegetables fruits → fresh fruits, packaged cheese"
"frozenset({'bread', 'packaged cheese'})","frozenset({'fresh fruits', 'packaged vegetables fruits'})",0.02895,0.2571,0.01437,0.4963730569948187,1.930661442998128,1.0,0.006926955,1.4750997942386832,0.4964139822818401,0.052893109540636,0.3220797644296927,0.2761328528848072,"bread, packaged cheese","fresh fruits, packaged vegetables fruits","bread, packaged cheese → fresh fruits, packaged vegetables fruits"
"frozenset({'fresh fruits', 'yogurt', 'bread'})",frozenset({'packaged cheese'}),0.02546,0.16892,0.01027,0.4033778476040848,2.387981574734104,1.0,0.0059692968,1.39297543120474,0.5964211832276038,0.0557818695345174,0.2821122486452385,0.2320879292484075,"fresh fruits, yogurt, bread",packaged cheese,"fresh fruits, yogurt, bread → packaged cheese"
"frozenset({'fresh fruits', 'bread', 'packaged cheese'})",frozenset({'yogurt'}),0.02295,0.20368,0.01027,0.4474945533769062,2.197047100240113,1.0,0.0055955439999999,1.4412889589905362,0.5576414944993441,0.0474671843224255,0.3061766040999927,0.2489583921637084,"fresh fruits, bread, packaged cheese",yogurt,"fresh fruits, bread, packaged cheese → yogurt"
"frozenset({'yogurt', 'bread', 'packaged cheese'})",frozenset({'fresh fruits'}),0.01162,0.57912,0.01027,0.8838209982788295,1.526144837475531,1.0,0.0035406255999999,3.622685629629628,0.3488073379564403,0.0176925594776646,0.7239616952072552,0.4507774006451476,"yogurt, bread, packaged cheese",fresh fruits,"yogurt, bread, packaged cheese → fresh fruits"
"frozenset({'yogurt', 'bread'})","frozenset({'fresh fruits', 'packaged cheese'})",0.03049,0.1199,0.01027,0.3368317481141358,2.8092722945299062,1.0,0.0066142489999999,1.327114193867458,0.66429013614392,0.0732943191550099,0.2464853404319234,0.2112432301871763,"yogurt, bread","fresh fruits, packaged cheese","yogurt, bread → fresh fruits, packaged cheese"
"frozenset({'bread', 'packaged cheese'})","frozenset({'fresh fruits', 'yogurt'})",0.02895,0.14829,0.01027,0.3547495682210708,2.392268987936278,1.0,0.0059770044999999,1.3199681209850107,0.5993376306387342,0.0615080553392825,0.2424059459452992,0.212002877710913,"bread, packaged cheese","fresh fruits, yogurt","bread, packaged cheese → fresh fruits, yogurt"
"frozenset({'fresh fruits', 'yogurt', 'bread'})",frozenset({'packaged vegetables fruits'}),0.02546,0.3423,0.01521,0.5974076983503535,1.7452751923761425,1.0,0.0064950419999999,1.6336626341463412,0.4381805339890495,0.0431428166217557,0.3878785135325429,0.320921202374125,"fresh fruits, yogurt, bread",packaged vegetables fruits,"fresh fruits, yogurt, bread → packaged vegetables fruits"
"frozenset({'fresh fruits', 'bread', 'packaged vegetables fruits'})",frozenset({'yogurt'}),0.03822,0.20368,0.01521,0.3979591836734694,1.9538451672892247,1.0,0.0074253504,1.3227010169491529,0.5075887603700617,0.0670960342317702,0.2439712473295526,0.2363175729836318,"fresh fruits, bread, packaged vegetables fruits",yogurt,"fresh fruits, bread, packaged vegetables fruits → yogurt"
"frozenset({'yogurt', 'bread', 'packaged vegetables fruits'})",frozenset({'fresh fruits'}),0.01685,0.57912,0.01521,0.9026706231454006,1.558693574985151,1.0,0.005451828,4.324285365853658,0.3645802582188375,0.0261898202355534,0.7687479166161391,0.4644673049419502,"yogurt, bread, packaged vegetables fruits",fresh fruits,"yogurt, bread, packaged vegetables fruits → fresh fruits"
"frozenset({'yogurt', 'bread'})","frozenset({'fresh fruits', 'packaged vegetables fruits'})",0.03049,0.2571,0.01521,0.4988520826500492,1.9403037053677528,1.0,0.007371021,1.482396662303665,0.4998574179595837,0.0558411043395256,0.325416721833422,0.2790059713133559,"yogurt, bread","fresh fruits, packaged vegetables fruits","yogurt, bread → fresh fruits, packaged vegetables fruits"
"frozenset({'bread', 'packaged vegetables fruits'})","frozenset({'fresh fruits', 'yogurt'})",0.04521,0.14829,0.01521,0.3364299933642999,2.268730146094139,1.0,0.0085058091,1.2835269699999998,0.5857044930292611,0.0853104492680464,0.2208967763256271,0.2194996416346079,"bread, packaged vegetables fruits","fresh fruits, yogurt","bread, packaged vegetables fruits → fresh fruits, yogurt"
"frozenset({'bread', 'packaged vegetables fruits', 'fresh vegetables'})",frozenset({'milk'}),0.03131,0.23003,0.01272,0.4062599808367934,1.766117379632193,1.0,0.0055177607,1.2968133781603013,0.4478070575245528,0.0511624165392969,0.2288790223473555,0.2307785579965386,"bread, packaged vegetables fruits, fresh vegetables",milk,"bread, packaged vegetables fruits, fresh vegetables → milk"
"frozenset({'bread', 'packaged vegetables fruits', 'milk'})",frozenset({'fresh vegetables'}),0.01778,0.44933,0.01272,0.7154105736782902,1.5921718418051105,1.0,0.0047309126,1.934962964426877,0.3786596599488592,0.0279935738022403,0.4831942427920355,0.3718596945127925,"bread, packaged vegetables fruits, milk",fresh vegetables,"bread, packaged vegetables fruits, milk → fresh vegetables"
"frozenset({'bread', 'fresh vegetables', 'milk'})",frozenset({'packaged vegetables fruits'}),0.02132,0.3423,0.01272,0.5966228893058162,1.742982440274076,1.0,0.005422164,1.6304841860465118,0.4355568262526885,0.0362496437731547,0.386685250579012,0.3168916374662297,"bread, fresh vegetables, milk",packaged vegetables fruits,"bread, fresh vegetables, milk → packaged vegetables fruits"
"frozenset({'bread', 'milk'})","frozenset({'packaged vegetables fruits', 'fresh vegetables'})",0.03579,0.21588,0.01272,0.355406538139145,1.6463152591214798,1.0,0.0049936548,1.216456644993498,0.4071550020517334,0.05323289391086,0.1779402873783923,0.2071640806315514,"bread, milk","packaged vegetables fruits, fresh vegetables","bread, milk → packaged vegetables fruits, fresh vegetables"
"frozenset({'bread', 'packaged vegetables fruits', 'packaged cheese'})",frozenset({'fresh vegetables'}),0.01612,0.44933,0.01219,0.7562034739454094,1.682957901643357,1.0,0.0049468004,2.258727837150128,0.4124568770483391,0.026894056391475,0.5572729110817902,0.3916663776599501,"bread, packaged vegetables fruits, packaged cheese",fresh vegetables,"bread, packaged vegetables fruits, packaged cheese → fresh vegetables"
"frozenset({'bread', 'packaged vegetables fruits', 'fresh vegetables'})",frozenset({'packaged cheese'}),0.03131,0.16892,0.01219,0.3893324816352603,2.304833540346083,1.0,0.0069011148,1.3609369665271969,0.5844276165325344,0.064826632631355,0.2652121115118404,0.230748409891748,"bread, packaged vegetables fruits, fresh vegetables",packaged cheese,"bread, packaged vegetables fruits, fresh vegetables → packaged cheese"
"frozenset({'bread', 'packaged cheese', 'fresh vegetables'})",frozenset({'packaged vegetables fruits'}),0.01882,0.3423,0.01219,0.6477151965993624,1.8922442202727503,1.0,0.005747914,1.866955354449472,0.4805713419918067,0.0349353738572206,0.4643685519223999,0.3416636164124477,"bread, packaged cheese, fresh vegetables",packaged vegetables fruits,"bread, packaged cheese, fresh vegetables → packaged vegetables fruits"
"frozenset({'bread', 'packaged cheese'})","frozenset({'packaged vegetables fruits', 'fresh vegetables'})",0.02895,0.21588,0.01219,0.4210708117443869,1.950485509284727,1.0,0.005940274,1.3544316229116946,0.501835268006322,0.0523985557083906,0.2616829206554952,0.2387686836190898,"bread, packaged cheese","packaged vegetables fruits, fresh vegetables","bread, packaged cheese → packaged vegetables fruits, fresh vegetables"
"frozenset({'bread', 'yogurt', 'packaged vegetables fruits'})",frozenset({'fresh vegetables'}),0.01685,0.44933,0.01232,0.7311572700296736,1.6272166782313078,1.0,0.0047487894999999,2.048297902869757,0.3920599025396106,0.0271449345613184,0.5117897652490122,0.3792879355289355,"bread, yogurt, packaged vegetables fruits",fresh vegetables,"bread, yogurt, packaged vegetables fruits → fresh vegetables"
"frozenset({'bread', 'yogurt', 'fresh vegetables'})",frozenset({'packaged vegetables fruits'}),0.01911,0.3423,0.01232,0.6446886446886447,1.883402409256923,1.0,0.005778647,1.851052577319588,0.4781841212850296,0.0352917585722879,0.459766830908689,0.3403402323647723,"bread, yogurt, fresh vegetables",packaged vegetables fruits,"bread, yogurt, fresh vegetables → packaged vegetables fruits"
"frozenset({'bread', 'packaged vegetables fruits', 'fresh vegetables'})",frozenset({'yogurt'}),0.03131,0.20368,0.01232,0.3934845097412967,1.9318760297589197,1.0,0.0059427792,1.312942559241706,0.4979595552327798,0.0553285130462118,0.2383520566371518,0.2269857741165242,"bread, packaged vegetables fruits, fresh vegetables",yogurt,"bread, packaged vegetables fruits, fresh vegetables → yogurt"
"frozenset({'bread', 'yogurt'})","frozenset({'packaged vegetables fruits', 'fresh vegetables'})",0.03049,0.21588,0.01232,0.4040669071826828,1.871719970273684,1.0,0.0057378188,1.3157852944413868,0.4803787949113939,0.0526383251441999,0.2399975860616778,0.2305678245381637,"bread, yogurt","packaged vegetables fruits, fresh vegetables","bread, yogurt → packaged vegetables fruits, fresh vegetables"
"frozenset({'fresh fruits', 'butter', 'milk'})",frozenset({'fresh vegetables'}),0.0158,0.44933,0.01128,0.7139240506329113,1.5888635315534492,1.0,0.0041805859999999,1.9249084070796452,0.3765691183104396,0.024854026660791,0.480494762076945,0.3695140472157279,"fresh fruits, butter, milk",fresh vegetables,"fresh fruits, butter, milk → fresh vegetables"
"frozenset({'fresh fruits', 'fresh vegetables', 'butter'})",frozenset({'milk'}),0.02825,0.23003,0.01128,0.3992920353982301,1.7358259157424252,1.0,0.0047816525,1.281770919269299,0.4362288278622869,0.0456680161943319,0.2198293899739341,0.2241645587589768,"fresh fruits, fresh vegetables, butter",milk,"fresh fruits, fresh vegetables, butter → milk"
"frozenset({'butter', 'fresh vegetables', 'milk'})",frozenset({'fresh fruits'}),0.01349,0.57912,0.01128,0.8361749444032617,1.4438716404255798,1.0,0.0034676712,2.5690819909502265,0.3116214327016129,0.0194037809849827,0.6107559028779265,0.4278263864163014,"butter, fresh vegetables, milk",fresh fruits,"butter, fresh vegetables, milk → fresh fruits"
"frozenset({'butter', 'milk'})","frozenset({'fresh fruits', 'fresh vegetables'})",0.02079,0.32152,0.01128,0.5425685425685426,1.687511018190292,1.0,0.0045955992,1.4832386119873815,0.4160611887090049,0.0340754614385403,0.3257996441583283,0.2888259483183594,"butter, milk","fresh fruits, fresh vegetables","butter, milk → fresh fruits, fresh vegetables"
"frozenset({'fresh vegetables', 'butter'})","frozenset({'fresh fruits', 'milk'})",0.03632,0.15639,0.01128,0.3105726872246696,1.9858858445211949,1.0,0.0055999152,1.2236387859424922,0.5151568808927481,0.0621727387973323,0.1827653622226735,0.1913500305488397,"fresh vegetables, butter","fresh fruits, milk","fresh vegetables, butter → fresh fruits, milk"
"frozenset({'fresh fruits', 'packaged cheese', 'butter'})",frozenset({'fresh vegetables'}),0.01343,0.44933,0.01031,0.7676842889054356,1.7085088663241617,1.0,0.0042754981,2.3703519551282053,0.4203394458577729,0.022787048292629,0.5781217224570716,0.3953147814900845,"fresh fruits, packaged cheese, butter",fresh vegetables,"fresh fruits, packaged cheese, butter → fresh vegetables"
"frozenset({'fresh fruits', 'fresh vegetables', 'butter'})",frozenset({'packaged cheese'}),0.02825,0.16892,0.01031,0.3649557522123893,2.1605242257423005,1.0,0.00553801,1.308696209587514,0.5527649802357931,0.0551749973241999,0.2358807241329226,0.2129952807948046,"fresh fruits, fresh vegetables, butter",packaged cheese,"fresh fruits, fresh vegetables, butter → packaged cheese"
"frozenset({'packaged cheese', 'fresh vegetables', 'butter'})",frozenset({'fresh fruits'}),0.01229,0.57912,0.01031,0.838893409275834,1.4485657709556463,1.0,0.0031926151999999,2.6124319191919194,0.3135150986222026,0.0177422130442264,0.6172149051412137,0.4283481413004394,"packaged cheese, fresh vegetables, butter",fresh fruits,"packaged cheese, fresh vegetables, butter → fresh fruits"
"frozenset({'packaged cheese', 'butter'})","frozenset({'fresh fruits', 'fresh vegetables'})",0.0171,0.32152,0.01031,0.6029239766081871,1.8752300840015768,1.0,0.0048120079999999,1.7086904270986742,0.4748520752392586,0.031403246931254,0.4147564800851714,0.317495205522307,"packaged cheese, butter","fresh fruits, fresh vegetables","packaged cheese, butter → fresh fruits, fresh vegetables"
"frozenset({'fresh fruits', 'packaged vegetables fruits', 'butter'})",frozenset({'fresh vegetables'}),0.02093,0.44933,0.01614,0.7711419015766843,1.7162039070987565,1.0,0.0067355231,2.406163486430064,0.4262398556939242,0.0355412666255615,0.584400642084523,0.4035310246761306,"fresh fruits, packaged vegetables fruits, butter",fresh vegetables,"fresh fruits, packaged vegetables fruits, butter → fresh vegetables"
"frozenset({'fresh fruits', 'fresh vegetables', 'butter'})",frozenset({'packaged vegetables fruits'}),0.02825,0.3423,0.01614,0.5713274336283186,1.6690839428230166,1.0,0.006470025,1.5342712634186622,0.412522726120717,0.045540475720211,0.3482247736480441,0.3092395275065344,"fresh fruits, fresh vegetables, butter",packaged vegetables fruits,"fresh fruits, fresh vegetables, butter → packaged vegetables fruits"
"frozenset({'packaged vegetables fruits', 'fresh vegetables', 'butter'})",frozenset({'fresh fruits'}),0.0189,0.57912,0.01614,0.853968253968254,1.4745963772072352,1.0,0.005194632,2.8821130434782627,0.3280484427046647,0.0277376778717261,0.6530323464366424,0.4409190627487354,"packaged vegetables fruits, fresh vegetables, butter",fresh fruits,"packaged vegetables fruits, fresh vegetables, butter → fresh fruits"
"frozenset({'fresh fruits', 'butter'})","frozenset({'packaged vegetables fruits', 'fresh vegetables'})",0.04033,0.21588,0.01614,0.4001983635011159,1.853800090333129,1.0,0.0074335596,1.3072988673005377,0.479922795641919,0.0672303911359187,0.2350639742655663,0.2374810605721254,"fresh fruits, butter","packaged vegetables fruits, fresh vegetables","fresh fruits, butter → packaged vegetables fruits, fresh vegetables"
"frozenset({'packaged vegetables fruits', 'butter'})","frozenset({'fresh fruits', 'fresh vegetables'})",0.02555,0.32152,0.01614,0.6317025440313112,1.964737944859764,1.0,0.007925164,1.842206588735388,0.5039009391311071,0.0487716435499954,0.457172715527814,0.3409507992612391,"packaged vegetables fruits, butter","fresh fruits, fresh vegetables","packaged vegetables fruits, butter → fresh fruits, fresh vegetables"
"frozenset({'fresh vegetables', 'butter'})","frozenset({'fresh fruits', 'packaged vegetables fruits'})",0.03632,0.2571,0.01614,0.4443832599118943,1.7284451960789355,1.0,0.006802128,1.3370727452923687,0.4373291478082469,0.0582083092902481,0.2520975365619791,0.2535801947167406,"fresh vegetables, butter","fresh fruits, packaged vegetables fruits","fresh vegetables, butter → fresh fruits, packaged vegetables fruits"
"frozenset({'fresh fruits', 'canned jarred vegetables', 'packaged cheese'})",frozenset({'fresh vegetables'}),0.01166,0.44933,0.01025,0.879073756432247,1.9564101137966463,1.0,0.0050108122,4.553767517730498,0.4946270785653401,0.0227403824821404,0.7804016133659851,0.4509427491795579,"fresh fruits, canned jarred vegetables, packaged cheese",fresh vegetables,"fresh fruits, canned jarred vegetables, packaged cheese → fresh vegetables"
"frozenset({'fresh fruits', 'canned jarred vegetables', 'fresh vegetables'})",frozenset({'packaged cheese'}),0.02916,0.16892,0.01025,0.3515089163237311,2.0809194667519013,1.0,0.0053242928,1.2815596404019038,0.5350451155700219,0.0545706223712932,0.2197007704718332,0.2060942639871083,"fresh fruits, canned jarred vegetables, fresh vegetables",packaged cheese,"fresh fruits, canned jarred vegetables, fresh vegetables → packaged cheese"
"frozenset({'canned jarred vegetables', 'packaged cheese', 'fresh vegetables'})",frozenset({'fresh fruits'}),0.01222,0.57912,0.01025,0.8387888707037644,1.4483852581567973,1.0,0.0031731536,2.610737868020306,0.3134057796023505,0.0176392641415271,0.616966524196361,0.4282440692792202,"canned jarred vegetables, packaged cheese, fresh vegetables",fresh fruits,"canned jarred vegetables, packaged cheese, fresh vegetables → fresh fruits"
"frozenset({'canned jarred vegetables', 'packaged cheese'})","frozenset({'fresh fruits', 'fresh vegetables'})",0.01439,0.32152,0.01025,0.7123002084781098,2.2154149305738677,1.0,0.0056233272,2.358291594202899,0.5566271525297817,0.0314745440029478,0.575964226621433,0.3720900146645339,"canned jarred vegetables, packaged cheese","fresh fruits, fresh vegetables","canned jarred vegetables, packaged cheese → fresh fruits, fresh vegetables"
"frozenset({'fresh fruits', 'canned jarred vegetables', 'packaged vegetables fruits'})",frozenset({'fresh vegetables'}),0.01942,0.44933,0.0171,0.8805355303810505,1.9596633440479168,1.0,0.0083740114,4.609487672413794,0.499406748053038,0.0378611756891398,0.7830561504731518,0.4592960962612305,"fresh fruits, canned jarred vegetables, packaged vegetables fruits",fresh vegetables,"fresh fruits, canned jarred vegetables, packaged vegetables fruits → fresh vegetables"
"frozenset({'fresh fruits', 'canned jarred vegetables', 'fresh vegetables'})",frozenset({'packaged vegetables fruits'}),0.02916,0.3423,0.0171,0.5864197530864198,1.7131748556424768,1.0,0.007118532,1.5902597014925377,0.4287919956456591,0.0482560108364375,0.3711718915712632,0.3181879659384772,"fresh fruits, canned jarred vegetables, fresh vegetables",packaged vegetables fruits,"fresh fruits, canned jarred vegetables, fresh vegetables → packaged vegetables fruits"
"frozenset({'canned jarred vegetables', 'packaged vegetables fruits', 'fresh vegetables'})",frozenset({'fresh fruits'}),0.02042,0.57912,0.0171,0.8374142997061704,1.4460117069107792,1.0,0.0052743696,2.588665542168675,0.314872360263242,0.0293592473044433,0.613700579039561,0.4334709293806442,"canned jarred vegetables, packaged vegetables fruits, fresh vegetables",fresh fruits,"canned jarred vegetables, packaged vegetables fruits, fresh vegetables → fresh fruits"
"frozenset({'fresh fruits', 'canned jarred vegetables'})","frozenset({'packaged vegetables fruits', 'fresh vegetables'})",0.0345,0.21588,0.0171,0.4956521739130434,2.2959615245184524,1.0,0.00965214,1.5547206896551726,0.5846220938155849,0.0733024691358024,0.3567976507588678,0.287431423254465,"fresh fruits, canned jarred vegetables","packaged vegetables fruits, fresh vegetables","fresh fruits, canned jarred vegetables → packaged vegetables fruits, fresh vegetables"
"frozenset({'canned jarred vegetables', 'packaged vegetables fruits'})","frozenset({'fresh fruits', 'fresh vegetables'})",0.02391,0.32152,0.0171,0.7151819322459222,2.22437774398458,1.0,0.0094124568,2.382152246696035,0.5639193826137329,0.0520817470228124,0.5802115497080566,0.3841834020522967,"canned jarred vegetables, packaged vegetables fruits","fresh fruits, fresh vegetables","canned jarred vegetables, packaged vegetables fruits → fresh fruits, fresh vegetables"
"frozenset({'canned jarred vegetables', 'fresh vegetables'})","frozenset({'fresh fruits', 'packaged vegetables fruits'})",0.03803,0.2571,0.0171,0.4496450170917697,1.7489109960784508,1.0,0.007322487,1.349856043956044,0.4451444577638468,0.061504154227961,0.2591802626083856,0.2580780511363166,"canned jarred vegetables, fresh vegetables","fresh fruits, packaged vegetables fruits","canned jarred vegetables, fresh vegetables → fresh fruits, packaged vegetables fruits"
frozenset({'canned jarred vegetables'}),"frozenset({'fresh fruits', 'packaged vegetables fruits', 'fresh vegetables'})",0.04878,0.17477,0.0171,0.3505535055350554,2.005799081850749,1.0,0.0085747194,1.2706666477272728,0.5271604665034045,0.082828772099782,0.2130115307672471,0.2241981923738674,canned jarred vegetables,"fresh fruits, packaged vegetables fruits, fresh vegetables","canned jarred vegetables → fresh fruits, packaged vegetables fruits, fresh vegetables"
"frozenset({'fresh fruits', 'packaged vegetables fruits', 'canned meals beans'})",frozenset({'fresh vegetables'}),0.02071,0.44933,0.01771,0.8551424432641237,1.903150119653982,1.0,0.0084043757,3.801458566666669,0.4845912604990056,0.0391528308977958,0.7369430752794299,0.4472783411210788,"fresh fruits, packaged vegetables fruits, canned meals beans",fresh vegetables,"fresh fruits, packaged vegetables fruits, canned meals beans → fresh vegetables"
"frozenset({'fresh fruits', 'fresh vegetables', 'canned meals beans'})",frozenset({'packaged vegetables fruits'}),0.02846,0.3423,0.01771,0.6222768798313423,1.8179283664368748,1.0,0.007968142,1.741222511627907,0.4631032383207103,0.0501628664495114,0.4256908618387445,0.3370075605700678,"fresh fruits, fresh vegetables, canned meals beans",packaged vegetables fruits,"fresh fruits, fresh vegetables, canned meals beans → packaged vegetables fruits"
"frozenset({'packaged vegetables fruits', 'fresh vegetables', 'canned meals beans'})",frozenset({'fresh fruits'}),0.02041,0.57912,0.01771,0.8677119059284664,1.4983283359726247,1.0,0.0058901608,3.1815410370370354,0.3395191280344652,0.0304389673782269,0.6856869082124748,0.4491463936328338,"packaged vegetables fruits, fresh vegetables, canned meals beans",fresh fruits,"packaged vegetables fruits, fresh vegetables, canned meals beans → fresh fruits"
"frozenset({'fresh fruits', 'canned meals beans'})","frozenset({'packaged vegetables fruits', 'fresh vegetables'})",0.0357,0.21588,0.01771,0.496078431372549,2.297936035633449,1.0,0.0100030839999999,1.5560357976653698,0.5857377138549784,0.0757258305896438,0.357341263292033,0.2890573739223315,"fresh fruits, canned meals beans","packaged vegetables fruits, fresh vegetables","fresh fruits, canned meals beans → packaged vegetables fruits, fresh vegetables"
"frozenset({'packaged vegetables fruits', 'canned meals beans'})","frozenset({'fresh fruits', 'fresh vegetables'})",0.02454,0.32152,0.01771,0.721678891605542,2.2445847586636667,1.0,0.0098198992,2.437759765739385,0.5684326344206767,0.0539363484087102,0.5897873063399688,0.3883805007915741,"packaged vegetables fruits, canned meals beans","fresh fruits, fresh vegetables","packaged vegetables fruits, canned meals beans → fresh fruits, fresh vegetables"
"frozenset({'fresh vegetables', 'canned meals beans'})","frozenset({'fresh fruits', 'packaged vegetables fruits'})",0.03524,0.2571,0.01771,0.5025539160045402,1.954702123704941,1.0,0.008649796,1.4934281802624072,0.5062534723076565,0.0644867640097585,0.3303996715635217,0.2857188094219511,"fresh vegetables, canned meals beans","fresh fruits, packaged vegetables fruits","fresh vegetables, canned meals beans → fresh fruits, packaged vegetables fruits"
frozenset({'canned meals beans'}),"frozenset({'fresh fruits', 'packaged vegetables fruits', 'fresh vegetables'})",0.04729,0.17477,0.01771,0.3744977796574328,2.142803568446717,1.0,0.0094451267,1.3193078668018934,0.5597943400673645,0.0866650354783459,0.2420268042332838,0.237915480204639,canned meals beans,"fresh fruits, packaged vegetables fruits, fresh vegetables","canned meals beans → fresh fruits, packaged vegetables fruits, fresh vegetables"
"frozenset({'fresh fruits', 'packaged vegetables fruits', 'cereal'})",frozenset({'fresh vegetables'}),0.01573,0.44933,0.01038,0.6598855689764781,1.468598956171362,1.0,0.0033120390999999,1.6190727289719626,0.3241782350046383,0.0228292425442069,0.3823625201599471,0.3414933152785268,"fresh fruits, packaged vegetables fruits, cereal",fresh vegetables,"fresh fruits, packaged vegetables fruits, cereal → fresh vegetables"
"frozenset({'fresh fruits', 'fresh vegetables', 'cereal'})",frozenset({'packaged vegetables fruits'}),0.01731,0.3423,0.01038,0.5996533795493935,1.7518357567905156,1.0,0.004454787,1.642826406926407,0.4367300279985274,0.0297225324284855,0.3912929596311289,0.3149888282497186,"fresh fruits, fresh vegetables, cereal",packaged vegetables fruits,"fresh fruits, fresh vegetables, cereal → packaged vegetables fruits"
"frozenset({'packaged vegetables fruits', 'fresh vegetables', 'cereal'})",frozenset({'fresh fruits'}),0.01179,0.57912,0.01038,0.8804071246819338,1.5202499044790956,1.0,0.0035521752,3.5192731914893614,0.3462962431109018,0.0178802129088936,0.7158504197917075,0.4491654355278712,"packaged vegetables fruits, fresh vegetables, cereal",fresh fruits,"packaged vegetables fruits, fresh vegetables, cereal → fresh fruits"
"frozenset({'fresh fruits', 'cereal'})","frozenset({'packaged vegetables fruits', 'fresh vegetables'})",0.03208,0.21588,0.01038,0.3235660847880299,1.4988238131741245,1.0,0.0034545696,1.1591967557603688,0.3438405791908471,0.0436905463422847,0.1373336795235805,0.1858241763573279,"fresh fruits, cereal","packaged vegetables fruits, fresh vegetables","fresh fruits, cereal → packaged vegetables fruits, fresh vegetables"
"frozenset({'packaged vegetables fruits', 'cereal'})","frozenset({'fresh fruits', 'fresh vegetables'})",0.01888,0.32152,0.01038,0.5497881355932204,1.7099655871896629,1.0,0.0043097024,1.507023811764706,0.4231825968701414,0.0314526392339858,0.336440478117587,0.2910361429396806,"packaged vegetables fruits, cereal","fresh fruits, fresh vegetables","packaged vegetables fruits, cereal → fresh fruits, fresh vegetables"
"frozenset({'fresh vegetables', 'cereal'})","frozenset({'fresh fruits', 'packaged vegetables fruits'})",0.02124,0.2571,0.01038,0.4887005649717514,1.90081900027908,1.0,0.004919196,1.4529646408839785,0.4841952906319829,0.0387371249440215,0.3117520056154953,0.2645369802688395,"fresh vegetables, cereal","fresh fruits, packaged vegetables fruits","fresh vegetables, cereal → fresh fruits, packaged vegetables fruits"
"frozenset({'fresh fruits', 'fresh vegetables', 'chips pretzels'})",frozenset({'milk'}),0.03812,0.23003,0.01336,0.3504721930745015,1.523593414226412,1.0,0.0045912564,1.1854303877221326,0.3572762882767754,0.0524353389065504,0.1564245270263796,0.2042757870124062,"fresh fruits, fresh vegetables, chips pretzels",milk,"fresh fruits, fresh vegetables, chips pretzels → milk"
"frozenset({'fresh fruits', 'chips pretzels', 'milk'})",frozenset({'fresh vegetables'}),0.02077,0.44933,0.01336,0.6432354357246028,1.4315434885821174,1.0,0.0040274158999999,1.5435109176788129,0.307847273805075,0.0292507772474493,0.3521263837227429,0.3364842969912267,"fresh fruits, chips pretzels, milk",fresh vegetables,"fresh fruits, chips pretzels, milk → fresh vegetables"
"frozenset({'fresh vegetables', 'chips pretzels', 'milk'})",frozenset({'fresh fruits'}),0.0152,0.57912,0.01336,0.8789473684210527,1.5177292589118885,1.0,0.004557376,3.476834782608698,0.3463860256740783,0.0229964197190856,0.7123820766514273,0.4510084265782567,"fresh vegetables, chips pretzels, milk",fresh fruits,"fresh vegetables, chips pretzels, milk → fresh fruits"
"frozenset({'chips pretzels', 'milk'})","frozenset({'fresh fruits', 'fresh vegetables'})",0.02676,0.32152,0.01336,0.4992526158445441,1.552788678292312,1.0,0.0047561248,1.354934686567164,0.3657857930926196,0.0398901230144512,0.2619570449306452,0.2704026204378232,"chips pretzels, milk","fresh fruits, fresh vegetables","chips pretzels, milk → fresh fruits, fresh vegetables"
"frozenset({'fresh fruits', 'packaged cheese', 'chips pretzels'})",frozenset({'fresh vegetables'}),0.01875,0.44933,0.01273,0.6789333333333334,1.5109904376145225,1.0,0.0043050625,1.7151266611295684,0.3446445279469231,0.027956516964972,0.4169526818844923,0.3536322020193028,"fresh fruits, packaged cheese, chips pretzels",fresh vegetables,"fresh fruits, packaged cheese, chips pretzels → fresh vegetables"
"frozenset({'fresh fruits', 'fresh vegetables', 'chips pretzels'})",frozenset({'packaged cheese'}),0.03812,0.16892,0.01273,0.3339454354669465,1.97694432552064,1.0,0.0062907696,1.2477656400157542,0.5137531302848236,0.0655138695898306,0.1985674489422757,0.2046532765778966,"fresh fruits, fresh vegetables, chips pretzels",packaged cheese,"fresh fruits, fresh vegetables, chips pretzels → packaged cheese"
"frozenset({'packaged cheese', 'fresh vegetables', 'chips pretzels'})",frozenset({'fresh fruits'}),0.01499,0.57912,0.01273,0.8492328218812542,1.4664194327276805,1.0,0.0040489912,2.791589026548672,0.3229072452783645,0.0218961780591007,0.6417810822116854,0.435607224588921,"packaged cheese, fresh vegetables, chips pretzels",fresh fruits,"packaged cheese, fresh vegetables, chips pretzels → fresh fruits"
"frozenset({'packaged cheese', 'chips pretzels'})","frozenset({'fresh fruits', 'fresh vegetables'})",0.02428,0.32152,0.01273,0.5242998352553542,1.6306912019636546,1.0,0.0049234944,1.4262765714285712,0.3963873967551957,0.038220193953223,0.2988737107289149,0.2819465088195158,"packaged cheese, chips pretzels","fresh fruits, fresh vegetables","packaged cheese, chips pretzels → fresh fruits, fresh vegetables"
"frozenset({'fresh fruits', 'packaged vegetables fruits', 'chips pretzels'})",frozenset({'fresh vegetables'}),0.03228,0.44933,0.0226,0.7001239157372985,1.5581508373295765,1.0,0.0080956275999999,1.8363251652892552,0.3701624546557567,0.0492364000784296,0.4554341361201781,0.3752105123831486,"fresh fruits, packaged vegetables fruits, chips pretzels",fresh vegetables,"fresh fruits, packaged vegetables fruits, chips pretzels → fresh vegetables"
"frozenset({'fresh fruits', 'fresh vegetables', 'chips pretzels'})",frozenset({'packaged vegetables fruits'}),0.03812,0.3423,0.0226,0.5928646379853095,1.7320030323847782,1.0,0.0095515239999999,1.6154332474226802,0.4393830886490357,0.0631602481694706,0.3809710171587495,0.3294442967899086,"fresh fruits, fresh vegetables, chips pretzels",packaged vegetables fruits,"fresh fruits, fresh vegetables, chips pretzels → packaged vegetables fruits"
"frozenset({'packaged vegetables fruits', 'fresh vegetables', 'chips pretzels'})",frozenset({'fresh fruits'}),0.02614,0.57912,0.0226,0.8645753634276969,1.492912286620557,1.0,0.0074618031999999,3.107854011299433,0.3390305415417418,0.0387876291490749,0.6782345643121482,0.4518000452999791,"packaged vegetables fruits, fresh vegetables, chips pretzels",fresh fruits,"packaged vegetables fruits, fresh vegetables, chips pretzels → fresh fruits"
"frozenset({'fresh fruits', 'chips pretzels'})","frozenset({'packaged vegetables fruits', 'fresh vegetables'})",0.064,0.21588,0.0226,0.3531249999999999,1.6357467111358162,1.0,0.0087836799999999,1.2121661835748792,0.4152333408970576,0.087842039800995,0.1750306075600673,0.2289063947563461,"fresh fruits, chips pretzels","packaged vegetables fruits, fresh vegetables","fresh fruits, chips pretzels → packaged vegetables fruits, fresh vegetables"
"frozenset({'packaged vegetables fruits', 'chips pretzels'})","frozenset({'fresh fruits', 'fresh vegetables'})",0.0393,0.32152,0.0226,0.5750636132315521,1.7885780456318492,1.0,0.0099642639999999,1.5966625149700595,0.4589326919622583,0.0668204127490982,0.373693569790638,0.3226773652124419,"packaged vegetables fruits, chips pretzels","fresh fruits, fresh vegetables","packaged vegetables fruits, chips pretzels → fresh fruits, fresh vegetables"
"frozenset({'fresh vegetables', 'chips pretzels'})","frozenset({'fresh fruits', 'packaged vegetables fruits'})",0.04791,0.2571,0.0226,0.4717178042162387,1.8347639214945108,1.0,0.0102823389999999,1.4062559857763726,0.4778652776653355,0.0800254948479161,0.2888919157574892,0.2798106718475203,"fresh vegetables, chips pretzels","fresh fruits, packaged vegetables fruits","fresh vegetables, chips pretzels → fresh fruits, packaged vegetables fruits"
"frozenset({'fresh fruits', 'yogurt', 'chips pretzels'})",frozenset({'fresh vegetables'}),0.02048,0.44933,0.01332,0.650390625,1.4474676184541428,1.0,0.0041177215999999,1.575100782122905,0.315601782769375,0.0291791715043045,0.3651199901937639,0.3400173809129704,"fresh fruits, yogurt, chips pretzels",fresh vegetables,"fresh fruits, yogurt, chips pretzels → fresh vegetables"
"frozenset({'fresh fruits', 'fresh vegetables', 'chips pretzels'})",frozenset({'yogurt'}),0.03812,0.20368,0.01332,0.3494228751311647,1.7155482871718613,1.0,0.0055557184,1.2240209032258065,0.4336257911340043,0.058298319327731,0.1830204881594895,0.207409787919078,"fresh fruits, fresh vegetables, chips pretzels",yogurt,"fresh fruits, fresh vegetables, chips pretzels → yogurt"
"frozenset({'yogurt', 'fresh vegetables', 'chips pretzels'})",frozenset({'fresh fruits'}),0.01519,0.57912,0.01332,0.8768926925608953,1.51418133126277,1.0,0.0045231672,3.4188059893048126,0.3448148547609358,0.0229263842751166,0.7075002199222945,0.4499465534913884,"yogurt, fresh vegetables, chips pretzels",fresh fruits,"yogurt, fresh vegetables, chips pretzels → fresh fruits"
"frozenset({'yogurt', 'chips pretzels'})","frozenset({'fresh fruits', 'fresh vegetables'})",0.02572,0.32152,0.01332,0.5178849144634525,1.6107393458057122,1.0,0.0050505056,1.4072988387096772,0.3891767121228878,0.0398897939626257,0.2894188693306399,0.2796565652187877,"yogurt, chips pretzels","fresh fruits, fresh vegetables","yogurt, chips pretzels → fresh fruits, fresh vegetables"
"frozenset({'fresh fruits', 'packaged vegetables fruits', 'chips pretzels'})",frozenset({'milk'}),0.03228,0.23003,0.01187,0.367719950433705,1.5985738835530363,1.0,0.0044446315999999,1.2177673493385597,0.3869326109667583,0.0473965820156524,0.1788250846574607,0.2096609576973985,"fresh fruits, packaged vegetables fruits, chips pretzels",milk,"fresh fruits, packaged vegetables fruits, chips pretzels → milk"
"frozenset({'fresh fruits', 'chips pretzels', 'milk'})",frozenset({'packaged vegetables fruits'}),0.02077,0.3423,0.01187,0.5714973519499278,1.669580344580566,1.0,0.004760429,1.534879662921348,0.4095535201260767,0.0337984054669703,0.3484831259691771,0.3030872678534331,"fresh fruits, chips pretzels, milk",packaged vegetables fruits,"fresh fruits, chips pretzels, milk → packaged vegetables fruits"
"frozenset({'packaged vegetables fruits', 'chips pretzels', 'milk'})",frozenset({'fresh fruits'}),0.01322,0.57912,0.01187,0.8978819969742814,1.550424777203829,1.0,0.0042140336,4.121506370370371,0.3597716487619233,0.0204489465433183,0.7573702646224135,0.459189306264458,"packaged vegetables fruits, chips pretzels, milk",fresh fruits,"packaged vegetables fruits, chips pretzels, milk → fresh fruits"
"frozenset({'packaged vegetables fruits', 'chips pretzels'})","frozenset({'fresh fruits', 'milk'})",0.0393,0.15639,0.01187,0.3020356234096692,1.931297547219574,1.0,0.005723873,1.2086720014582577,0.5019396222688998,0.0645740398215645,0.1726456815467683,0.1889678085076992,"packaged vegetables fruits, chips pretzels","fresh fruits, milk","packaged vegetables fruits, chips pretzels → fresh fruits, milk"
"frozenset({'chips pretzels', 'milk'})","frozenset({'fresh fruits', 'packaged vegetables fruits'})",0.02676,0.2571,0.01187,0.4435724962630792,1.725291700750989,1.0,0.004990004,1.3351245130960376,0.431946763980357,0.0436413103422919,0.2510061869202843,0.2448706510875878,"chips pretzels, milk","fresh fruits, packaged vegetables fruits","chips pretzels, milk → fresh fruits, packaged vegetables fruits"
"frozenset({'fresh fruits', 'packaged vegetables fruits', 'chips pretzels'})",frozenset({'packaged cheese'}),0.03228,0.16892,0.01125,0.3485130111524163,2.063183821645846,1.0,0.0057972623999999,1.275666305278174,0.532501357141873,0.0592261121347723,0.2160959367959959,0.2075562924575721,"fresh fruits, packaged vegetables fruits, chips pretzels",packaged cheese,"fresh fruits, packaged vegetables fruits, chips pretzels → packaged cheese"
"frozenset({'fresh fruits', 'packaged cheese', 'chips pretzels'})",frozenset({'packaged vegetables fruits'}),0.01875,0.3423,0.01125,0.6,1.7528483786152498,1.0,0.004831875,1.6442499999999998,0.4377070063694268,0.0321612349914236,0.3918199787136993,0.3164329535495179,"fresh fruits, packaged cheese, chips pretzels",packaged vegetables fruits,"fresh fruits, packaged cheese, chips pretzels → packaged vegetables fruits"
"frozenset({'packaged vegetables fruits', 'packaged cheese', 'chips pretzels'})",frozenset({'fresh fruits'}),0.01283,0.57912,0.01125,0.8768511301636789,1.514109563067549,1.0,0.0038198904,3.4176521518987344,0.3439588047989033,0.0193731703116927,0.7074014687409211,0.4481385779289177,"packaged vegetables fruits, packaged cheese, chips pretzels",fresh fruits,"packaged vegetables fruits, packaged cheese, chips pretzels → fresh fruits"
"frozenset({'packaged cheese', 'chips pretzels'})","frozenset({'fresh fruits', 'packaged vegetables fruits'})",0.02428,0.2571,0.01125,0.4633443163097199,1.80219492924823,1.0,0.005007612,1.3843140445126632,0.4561975430109731,0.0416466145929737,0.2776205630767532,0.2535508045959335,"packaged cheese, chips pretzels","fresh fruits, packaged vegetables fruits","packaged cheese, chips pretzels → fresh fruits, packaged vegetables fruits"
"frozenset({'fresh fruits', 'yogurt', 'chips pretzels'})",frozenset({'packaged vegetables fruits'}),0.02048,0.3423,0.01219,0.5952148437499999,1.738868956324861,1.0,0.0051796959999999,1.624812545235223,0.4337977128440335,0.0347699592116147,0.3845443876387409,0.3154134399877665,"fresh fruits, yogurt, chips pretzels",packaged vegetables fruits,"fresh fruits, yogurt, chips pretzels → packaged vegetables fruits"
"frozenset({'fresh fruits', 'packaged vegetables fruits', 'chips pretzels'})",frozenset({'yogurt'}),0.03228,0.20368,0.01219,0.377633209417596,1.8540514994972308,1.0,0.0056152095999999,1.2795027177700349,0.4760061342905341,0.054475577602002,0.2184463650512306,0.2187409959106833,"fresh fruits, packaged vegetables fruits, chips pretzels",yogurt,"fresh fruits, packaged vegetables fruits, chips pretzels → yogurt"
"frozenset({'yogurt', 'packaged vegetables fruits', 'chips pretzels'})",frozenset({'fresh fruits'}),0.01378,0.57912,0.01219,0.8846153846153846,1.527516550309754,1.0,0.0042097263999999,3.6476266666666657,0.3501679226700453,0.0209915448330492,0.7258491366075475,0.4528322813393265,"yogurt, packaged vegetables fruits, chips pretzels",fresh fruits,"yogurt, packaged vegetables fruits, chips pretzels → fresh fruits"
"frozenset({'yogurt', 'chips pretzels'})","frozenset({'fresh fruits', 'packaged vegetables fruits'})",0.02572,0.2571,0.01219,0.473950233281493,1.8434470372675729,1.0,0.005577388,1.4122237989652624,0.4696165188163773,0.0450430477035066,0.2918969353634311,0.2606818455400075,"yogurt, chips pretzels","fresh fruits, packaged vegetables fruits","yogurt, chips pretzels → fresh fruits, packaged vegetables fruits"
"frozenset({'packaged vegetables fruits', 'chips pretzels'})","frozenset({'fresh fruits', 'yogurt'})",0.0393,0.14829,0.01219,0.310178117048346,2.091699487816751,1.0,0.0063622029999999,1.2346810402065655,0.5432703782012928,0.0694982896237172,0.1900742236774794,0.1961909534597721,"packaged vegetables fruits, chips pretzels","fresh fruits, yogurt","packaged vegetables fruits, chips pretzels → fresh fruits, yogurt"
"frozenset({'fresh fruits', 'packaged cheese', 'crackers'})",frozenset({'fresh vegetables'}),0.01519,0.44933,0.01065,0.7011191573403555,1.560365783144583,1.0,0.0038246772999999,1.8424399339207045,0.3646638733440777,0.0234648687950294,0.4572414646527965,0.3624105567931608,"fresh fruits, packaged cheese, crackers",fresh vegetables,"fresh fruits, packaged cheese, crackers → fresh vegetables"
"frozenset({'fresh fruits', 'crackers', 'fresh vegetables'})",frozenset({'packaged cheese'}),0.02567,0.16892,0.01065,0.4148811842617842,2.4560808919120545,1.0,0.0063138236,1.420361091877497,0.6084666246394718,0.0578993149940197,0.2959536798644946,0.2389643903785833,"fresh fruits, crackers, fresh vegetables",packaged cheese,"fresh fruits, crackers, fresh vegetables → packaged cheese"
"frozenset({'packaged cheese', 'crackers', 'fresh vegetables'})",frozenset({'fresh fruits'}),0.01186,0.57912,0.01065,0.8979763912310286,1.550587773226669,1.0,0.0037816368,4.125319669421484,0.3593451004975345,0.0183516275222718,0.7575945429362968,0.4581831811107484,"packaged cheese, crackers, fresh vegetables",fresh fruits,"packaged cheese, crackers, fresh vegetables → fresh fruits"
"frozenset({'packaged cheese', 'crackers'})","frozenset({'fresh fruits', 'fresh vegetables'})",0.01858,0.32152,0.01065,0.5731969860064585,1.7827724123117024,1.0,0.0046761584,1.5896794955863809,0.4473883822454061,0.03232660494764,0.3709423800354595,0.303160448713605,"packaged cheese, crackers","fresh fruits, fresh vegetables","packaged cheese, crackers → fresh fruits, fresh vegetables"
"frozenset({'crackers', 'fresh vegetables'})","frozenset({'fresh fruits', 'packaged cheese'})",0.03077,0.1199,0.01065,0.3461163470913227,2.886708482830048,1.0,0.006960677,1.34595810139165,0.6743339504923298,0.0760605627767461,0.2570348222830618,0.2174701835540016,"crackers, fresh vegetables","fresh fruits, packaged cheese","crackers, fresh vegetables → fresh fruits, packaged cheese"
"frozenset({'fresh fruits', 'packaged vegetables fruits', 'crackers'})",frozenset({'fresh vegetables'}),0.02213,0.44933,0.0159,0.718481699051062,1.5990067412615716,1.0,0.0059563271,1.9560717656500808,0.383089538788998,0.034902098516112,0.4887713132203715,0.3769338591175902,"fresh fruits, packaged vegetables fruits, crackers",fresh vegetables,"fresh fruits, packaged vegetables fruits, crackers → fresh vegetables"
"frozenset({'fresh fruits', 'crackers', 'fresh vegetables'})",frozenset({'packaged vegetables fruits'}),0.02567,0.3423,0.0159,0.6194000779119596,1.8095240371368964,1.0,0.007113159,1.7280613101330609,0.4591549994006525,0.0451614735705967,0.421316828207328,0.3329252799726319,"fresh fruits, crackers, fresh vegetables",packaged vegetables fruits,"fresh fruits, crackers, fresh vegetables → packaged vegetables fruits"
"frozenset({'packaged vegetables fruits', 'crackers', 'fresh vegetables'})",frozenset({'fresh fruits'}),0.01766,0.57912,0.0159,0.9003397508493772,1.5546687229751646,1.0,0.0056727408,4.223148181818186,0.3631900878956333,0.0273722627737226,0.763209824295232,0.4638976002485593,"packaged vegetables fruits, crackers, fresh vegetables",fresh fruits,"packaged vegetables fruits, crackers, fresh vegetables → fresh fruits"
"frozenset({'fresh fruits', 'crackers'})","frozenset({'packaged vegetables fruits', 'fresh vegetables'})",0.04219,0.21588,0.0159,0.3768665560559374,1.7457224201220003,1.0,0.0067920228,1.2583500494484596,0.4459874560539344,0.0656563571045133,0.2053085701881567,0.2252592924804423,"fresh fruits, crackers","packaged vegetables fruits, fresh vegetables","fresh fruits, crackers → packaged vegetables fruits, fresh vegetables"
"frozenset({'packaged vegetables fruits', 'crackers'})","frozenset({'fresh fruits', 'fresh vegetables'})",0.02615,0.32152,0.0159,0.6080305927342257,1.891112816416477,1.0,0.007492252,1.7309514146341465,0.4838638574832499,0.0479247671579708,0.4222830337434054,0.3287415964417582,"packaged vegetables fruits, crackers","fresh fruits, fresh vegetables","packaged vegetables fruits, crackers → fresh fruits, fresh vegetables"
"frozenset({'crackers', 'fresh vegetables'})","frozenset({'fresh fruits', 'packaged vegetables fruits'})",0.03077,0.2571,0.0159,0.5167370815729607,2.009868073018128,1.0,0.007989033,1.5372584398117015,0.518406266479966,0.0584623304040886,0.3494912930043892,0.2892903610898643,"crackers, fresh vegetables","fresh fruits, packaged vegetables fruits","crackers, fresh vegetables → fresh fruits, packaged vegetables fruits"
"frozenset({'fresh fruits', 'cream', 'fresh vegetables'})",frozenset({'milk'}),0.02783,0.23003,0.01084,0.3895077254761049,1.6932909858544754,1.0,0.0044382651,1.2612280812242498,0.4211547875531009,0.043883086389766,0.2071219988780146,0.2183160068062175,"fresh fruits, cream, fresh vegetables",milk,"fresh fruits, cream, fresh vegetables → milk"
"frozenset({'fresh fruits', 'cream', 'milk'})",frozenset({'fresh vegetables'}),0.01842,0.44933,0.01084,0.5884907709011944,1.3097072772821632,1.0,0.0025633414,1.3381716886543538,0.2409081367347425,0.0237245847103368,0.2527117346163662,0.3063077894743659,"fresh fruits, cream, milk",fresh vegetables,"fresh fruits, cream, milk → fresh vegetables"
"frozenset({'cream', 'fresh vegetables', 'milk'})",frozenset({'fresh fruits'}),0.01277,0.57912,0.01084,0.8488645262333595,1.4657834753304315,1.0,0.0034446376,2.7847863212435247,0.3218814220697943,0.0186558815936666,0.6409060212729507,0.4337912906066645,"cream, fresh vegetables, milk",fresh fruits,"cream, fresh vegetables, milk → fresh fruits"
"frozenset({'cream', 'milk'})","frozenset({'fresh fruits', 'fresh vegetables'})",0.02627,0.32152,0.01084,0.4126379901027788,1.2833975805635074,1.0,0.0023936696,1.1551308878807516,0.2267756244362275,0.0321709452441015,0.1342972380951227,0.223176422272091,"cream, milk","fresh fruits, fresh vegetables","cream, milk → fresh fruits, fresh vegetables"
"frozenset({'fresh fruits', 'cream', 'packaged vegetables fruits'})",frozenset({'fresh vegetables'}),0.02285,0.44933,0.01646,0.7203501094091903,1.6031649553984606,1.0,0.0061928094999999,1.9691407668231609,0.3850318477079765,0.0361186693583779,0.4921642897001658,0.3784912143200226,"fresh fruits, cream, packaged vegetables fruits",fresh vegetables,"fresh fruits, cream, packaged vegetables fruits → fresh vegetables"
"frozenset({'fresh fruits', 'cream', 'fresh vegetables'})",frozenset({'packaged vegetables fruits'}),0.02783,0.3423,0.01646,0.5914480776140855,1.727864673134927,1.0,0.0069337909999999,1.609832102022867,0.4333099890486878,0.0465405604094212,0.3788172078669385,0.3197672757337152,"fresh fruits, cream, fresh vegetables",packaged vegetables fruits,"fresh fruits, cream, fresh vegetables → packaged vegetables fruits"
"frozenset({'cream', 'packaged vegetables fruits', 'fresh vegetables'})",frozenset({'fresh fruits'}),0.01932,0.57912,0.01646,0.8519668737060041,1.4711404781496136,1.0,0.0052714015999999,2.843147412587412,0.3265644871307339,0.0282827588576927,0.6482771186704146,0.4401946538719273,"cream, packaged vegetables fruits, fresh vegetables",fresh fruits,"cream, packaged vegetables fruits, fresh vegetables → fresh fruits"
"frozenset({'fresh fruits', 'cream'})","frozenset({'packaged vegetables fruits', 'fresh vegetables'})",0.04687,0.21588,0.01646,0.351184126306806,1.6267561900444971,1.0,0.0063417043999999,1.2085400986517594,0.4042257957312199,0.0668317836696577,0.1725553822205861,0.2137150944670958,"fresh fruits, cream","packaged vegetables fruits, fresh vegetables","fresh fruits, cream → packaged vegetables fruits, fresh vegetables"
"frozenset({'cream', 'packaged vegetables fruits'})","frozenset({'fresh fruits', 'fresh vegetables'})",0.0282,0.32152,0.01646,0.5836879432624114,1.815401664787296,1.0,0.007393136,1.6297390119250426,0.4621915164379112,0.0493908659905179,0.3864048214573921,0.3174411351047065,"cream, packaged vegetables fruits","fresh fruits, fresh vegetables","cream, packaged vegetables fruits → fresh fruits, fresh vegetables"
"frozenset({'cream', 'fresh vegetables'})","frozenset({'fresh fruits', 'packaged vegetables fruits'})",0.03614,0.2571,0.01646,0.4554510237963475,1.7714936748204884,1.0,0.0071684059999999,1.3642482723577238,0.4518338941899745,0.0594696148565647,0.2669955899802766,0.25973640260218,"cream, fresh vegetables","fresh fruits, packaged vegetables fruits","cream, fresh vegetables → fresh fruits, packaged vegetables fruits"
"frozenset({'fresh fruits', 'packaged vegetables fruits', 'dry pasta'})",frozenset({'fresh vegetables'}),0.01402,0.44933,0.01142,0.8145506419400856,1.812811612712451,1.0,0.0051203934,2.9693820769230777,0.4547462428501532,0.0252694001283384,0.663229596564341,0.4199831303751571,"fresh fruits, packaged vegetables fruits, dry pasta",fresh vegetables,"fresh fruits, packaged vegetables fruits, dry pasta → fresh vegetables"
"frozenset({'fresh fruits', 'dry pasta', 'fresh vegetables'})",frozenset({'packaged vegetables fruits'}),0.01853,0.3423,0.01142,0.6162978953049109,1.8004612775486732,1.0,0.0050771809999999,1.7140901547116731,0.4529805063661521,0.0326836667525256,0.4166001144973558,0.3248302213889439,"fresh fruits, dry pasta, fresh vegetables",packaged vegetables fruits,"fresh fruits, dry pasta, fresh vegetables → packaged vegetables fruits"
"frozenset({'packaged vegetables fruits', 'dry pasta', 'fresh vegetables'})",frozenset({'fresh fruits'}),0.01319,0.57912,0.01142,0.8658074298711145,1.4950397670104891,1.0,0.0037814071999999,3.1363882485875707,0.3355473405248502,0.019659488026993,0.6811619223320531,0.4427635021989914,"packaged vegetables fruits, dry pasta, fresh vegetables",fresh fruits,"packaged vegetables fruits, dry pasta, fresh vegetables → fresh fruits"
"frozenset({'fresh fruits', 'dry pasta'})","frozenset({'packaged vegetables fruits', 'fresh vegetables'})",0.02465,0.21588,0.01142,0.4632860040567951,2.146034852959029,1.0,0.006098558,1.460964323507181,0.5475207292330375,0.0498450525948234,0.315520588757837,0.2580928815911176,"fresh fruits, dry pasta","packaged vegetables fruits, fresh vegetables","fresh fruits, dry pasta → packaged vegetables fruits, fresh vegetables"
"frozenset({'packaged vegetables fruits', 'dry pasta'})","frozenset({'fresh fruits', 'fresh vegetables'})",0.0168,0.32152,0.01142,0.6797619047619048,2.1142134385478504,1.0,0.006018464,2.118673605947956,0.5360159256952887,0.0349342306515754,0.5280065805357635,0.3576403452647543,"packaged vegetables fruits, dry pasta","fresh fruits, fresh vegetables","packaged vegetables fruits, dry pasta → fresh fruits, fresh vegetables"
"frozenset({'dry pasta', 'fresh vegetables'})","frozenset({'fresh fruits', 'packaged vegetables fruits'})",0.02363,0.2571,0.01142,0.4832839610664409,1.8797509181891905,1.0,0.005344727,1.4377335790335788,0.4793414622198559,0.0424046637703761,0.3044608440792043,0.2638512376316257,"dry pasta, fresh vegetables","fresh fruits, packaged vegetables fruits","dry pasta, fresh vegetables → fresh fruits, packaged vegetables fruits"
frozenset({'dry pasta'}),"frozenset({'fresh fruits', 'packaged vegetables fruits', 'fresh vegetables'})",0.03591,0.17477,0.01142,0.3180172653856865,1.8196330341917173,1.0,0.0051440092999999,1.2100452960392,0.4672163830472767,0.0573120546020275,0.1735846556544072,0.1916801438217555,dry pasta,"fresh fruits, packaged vegetables fruits, fresh vegetables","dry pasta → fresh fruits, packaged vegetables fruits, fresh vegetables"
"frozenset({'fresh fruits', 'eggs', 'fresh herbs'})",frozenset({'fresh vegetables'}),0.0122,0.44933,0.01097,0.8991803278688525,2.001158008298695,1.0,0.005488174,5.461930081300815,0.5064682471641723,0.0243474786931818,0.8169145365987842,0.4617972277850483,"fresh fruits, eggs, fresh herbs",fresh vegetables,"fresh fruits, eggs, fresh herbs → fresh vegetables"
"frozenset({'fresh vegetables', 'eggs', 'fresh herbs'})",frozenset({'fresh fruits'}),0.01288,0.57912,0.01097,0.8517080745341615,1.4706935946507833,1.0,0.0035109344,2.838185549738221,0.3242247291883359,0.0188802643581226,0.6476622185282302,0.4353253040166318,"fresh vegetables, eggs, fresh herbs",fresh fruits,"fresh vegetables, eggs, fresh herbs → fresh fruits"
"frozenset({'eggs', 'fresh herbs'})","frozenset({'fresh fruits', 'fresh vegetables'})",0.01471,0.32152,0.01097,0.7457511896668932,2.3194550561921288,1.0,0.0062404408,2.668567058823529,0.5773571719483114,0.0337268646621164,0.6252670523329992,0.3899351867717397,"eggs, fresh herbs","fresh fruits, fresh vegetables","eggs, fresh herbs → fresh fruits, fresh vegetables"
"frozenset({'fresh fruits', 'frozen produce', 'eggs'})",frozenset({'fresh vegetables'}),0.01304,0.44933,0.01011,0.7753067484662577,1.725472922943622,1.0,0.0042507367999999,2.4507634129692835,0.426003833810896,0.022354397912705,0.5919638775786908,0.3989034576907213,"fresh fruits, frozen produce, eggs",fresh vegetables,"fresh fruits, frozen produce, eggs → fresh vegetables"
"frozenset({'frozen produce', 'fresh vegetables', 'eggs'})",frozenset({'fresh fruits'}),0.01148,0.57912,0.01011,0.8806620209059233,1.5206900485321235,1.0,0.0034617023999999,3.526790072992698,0.3463802434139769,0.0174163206945856,0.7164560466306864,0.449059771331536,"frozen produce, fresh vegetables, eggs",fresh fruits,"frozen produce, fresh vegetables, eggs → fresh fruits"
"frozenset({'frozen produce', 'eggs'})","frozenset({'fresh fruits', 'fresh vegetables'})",0.01565,0.32152,0.01011,0.6460063897763577,2.009226143867746,1.0,0.0050782119999999,1.91664476534296,0.5102818556502237,0.0309117593102183,0.478254907700091,0.338725389463944,"frozen produce, eggs","fresh fruits, fresh vegetables","frozen produce, eggs → fresh fruits, fresh vegetables"
"frozenset({'fresh fruits', 'fresh vegetables', 'eggs'})",frozenset({'milk'}),0.05704,0.23003,0.02095,0.3672861150070126,1.5966878885667637,1.0,0.0078290887999999,1.2169323579939042,0.3963089873091445,0.0787238839621223,0.1782616400730062,0.2291805960854304,"fresh fruits, fresh vegetables, eggs",milk,"fresh fruits, fresh vegetables, eggs → milk"
"frozenset({'fresh fruits', 'eggs', 'milk'})",frozenset({'fresh vegetables'}),0.03037,0.44933,0.02095,0.6898254856766546,1.535231312569057,1.0,0.0073038478999999,1.7753554033970276,0.3595519507391754,0.0456675749318801,0.4367324998214077,0.3682252303196884,"fresh fruits, eggs, milk",fresh vegetables,"fresh fruits, eggs, milk → fresh vegetables"
"frozenset({'fresh vegetables', 'eggs', 'milk'})",frozenset({'fresh fruits'}),0.02459,0.57912,0.02095,0.8519723464823099,1.4711499283090033,1.0,0.0067094392,2.843252527472528,0.3283333446294011,0.035949619054156,0.6482901218454427,0.4440739616097141,"fresh vegetables, eggs, milk",fresh fruits,"fresh vegetables, eggs, milk → fresh fruits"
"frozenset({'eggs', 'milk'})","frozenset({'fresh fruits', 'fresh vegetables'})",0.03868,0.32152,0.02095,0.5416235780765254,1.6845719646570212,1.0,0.0085136064,1.4801808460236887,0.4227285334693437,0.0617538688282977,0.3244068772499195,0.3033914108347295,"eggs, milk","fresh fruits, fresh vegetables","eggs, milk → fresh fruits, fresh vegetables"
"frozenset({'fresh fruits', 'packaged cheese', 'eggs'})",frozenset({'fresh vegetables'}),0.02279,0.44933,0.01714,0.7520842474769635,1.6737904156788184,1.0,0.0068997692999999,2.2211981061946893,0.4119417881238035,0.0376719855817838,0.5497925208872164,0.3951149655251418,"fresh fruits, packaged cheese, eggs",fresh vegetables,"fresh fruits, packaged cheese, eggs → fresh vegetables"
"frozenset({'fresh fruits', 'fresh vegetables', 'eggs'})",frozenset({'packaged cheese'}),0.05704,0.16892,0.01714,0.3004908835904628,1.778894645929806,1.0,0.0075048032,1.188090305764411,0.464339062307732,0.0820802605114452,0.1583131390365101,0.2009795170971494,"fresh fruits, fresh vegetables, eggs",packaged cheese,"fresh fruits, fresh vegetables, eggs → packaged cheese"
"frozenset({'packaged cheese', 'fresh vegetables', 'eggs'})",frozenset({'fresh fruits'}),0.02005,0.57912,0.01714,0.8548628428927681,1.4761411156457525,1.0,0.005528644,2.8998776632302423,0.3291576029377348,0.0294486538494579,0.6551578665956286,0.4422297361307327,"packaged cheese, fresh vegetables, eggs",fresh fruits,"packaged cheese, fresh vegetables, eggs → fresh fruits"
"frozenset({'packaged cheese', 'eggs'})","frozenset({'fresh fruits', 'fresh vegetables'})",0.0285,0.32152,0.01714,0.6014035087719297,1.870501084759672,1.0,0.00797668,1.702172535211267,0.4790364357346571,0.0514900264359528,0.4125154886981632,0.3273563948437902,"packaged cheese, eggs","fresh fruits, fresh vegetables","packaged cheese, eggs → fresh fruits, fresh vegetables"
"frozenset({'fresh fruits', 'packaged vegetables fruits', 'eggs'})",frozenset({'fresh vegetables'}),0.04538,0.44933,0.0348,0.7668576465403262,1.7066691441486794,1.0,0.0144094045999999,2.361947504725898,0.43374677942502,0.0756669783218455,0.5766205650213851,0.4221531461508966,"fresh fruits, packaged vegetables fruits, eggs",fresh vegetables,"fresh fruits, packaged vegetables fruits, eggs → fresh vegetables"
"frozenset({'fresh fruits', 'fresh vegetables', 'eggs'})",frozenset({'packaged vegetables fruits'}),0.05704,0.3423,0.0348,0.6100981767180925,1.7823493330940476,1.0,0.0152752079999999,1.6868348920863303,0.4654945688265564,0.0954627750041147,0.4071737520421051,0.3558816913388885,"fresh fruits, fresh vegetables, eggs",packaged vegetables fruits,"fresh fruits, fresh vegetables, eggs → packaged vegetables fruits"
"frozenset({'packaged vegetables fruits', 'fresh vegetables', 'eggs'})",frozenset({'fresh fruits'}),0.04027,0.57912,0.0348,0.8641668736031785,1.4922069236137216,1.0,0.0114788376,3.0985077879341847,0.3436921375516174,0.0595289005969996,0.6772640030487989,0.4621290232085515,"packaged vegetables fruits, fresh vegetables, eggs",fresh fruits,"packaged vegetables fruits, fresh vegetables, eggs → fresh fruits"
"frozenset({'fresh fruits', 'eggs'})","frozenset({'packaged vegetables fruits', 'fresh vegetables'})",0.08363,0.21588,0.0348,0.4161186177209135,1.9275459408973208,1.0,0.0167459556,1.3429440016383372,0.5251215346308317,0.1314646216614408,0.2553673133205549,0.2886596423790782,"fresh fruits, eggs","packaged vegetables fruits, fresh vegetables","fresh fruits, eggs → packaged vegetables fruits, fresh vegetables"
"frozenset({'packaged vegetables fruits', 'eggs'})","frozenset({'fresh fruits', 'fresh vegetables'})",0.05482,0.32152,0.0348,0.6348048157606713,1.9743867123683485,1.0,0.0171742735999999,1.857855824175824,0.5221371687883813,0.1018914329214733,0.4617451004608409,0.371520347666352,"packaged vegetables fruits, eggs","fresh fruits, fresh vegetables","packaged vegetables fruits, eggs → fresh fruits, fresh vegetables"
"frozenset({'fresh vegetables', 'eggs'})","frozenset({'fresh fruits', 'packaged vegetables fruits'})",0.07143,0.2571,0.0348,0.4871902561948761,1.8949445981908837,1.0,0.016435347,1.4486854217854217,0.5086101060845134,0.1184761515677663,0.3097190149345485,0.3112730744218254,"fresh vegetables, eggs","fresh fruits, packaged vegetables fruits","fresh vegetables, eggs → fresh fruits, packaged vegetables fruits"
"frozenset({'fresh fruits', 'soy lactosefree', 'eggs'})",frozenset({'fresh vegetables'}),0.01759,0.44933,0.01283,0.7293916998294484,1.623287338547278,1.0,0.0049262852999999,2.034933886554621,0.3908410118711437,0.028254310819441,0.5085835433734331,0.3789726620572475,"fresh fruits, soy lactosefree, eggs",fresh vegetables,"fresh fruits, soy lactosefree, eggs → fresh vegetables"
"frozenset({'soy lactosefree', 'fresh vegetables', 'eggs'})",frozenset({'fresh fruits'}),0.01506,0.57912,0.01283,0.8519256308100929,1.471069261655776,1.0,0.0041084527999999,2.8423555156950657,0.3251186405853604,0.0220693214070697,0.6481791266158831,0.4370399669453144,"soy lactosefree, fresh vegetables, eggs",fresh fruits,"soy lactosefree, fresh vegetables, eggs → fresh fruits"
"frozenset({'soy lactosefree', 'eggs'})","frozenset({'fresh fruits', 'fresh vegetables'})",0.02239,0.32152,0.01283,0.5730236712818222,1.7822333642753865,1.0,0.0056311672,1.5890342259414223,0.448958430227063,0.0387519632717168,0.3706869344443789,0.306463938153974,"soy lactosefree, eggs","fresh fruits, fresh vegetables","soy lactosefree, eggs → fresh fruits, fresh vegetables"
"frozenset({'fresh fruits', 'water seltzer sparkling water', 'eggs'})",frozenset({'fresh vegetables'}),0.01651,0.44933,0.01114,0.6747425802543913,1.501663766617834,1.0,0.0037215617,1.6930282495344506,0.3396800840767974,0.0244996701121618,0.4093424015370208,0.3497675245206258,"fresh fruits, water seltzer sparkling water, eggs",fresh vegetables,"fresh fruits, water seltzer sparkling water, eggs → fresh vegetables"
"frozenset({'water seltzer sparkling water', 'fresh vegetables', 'eggs'})",frozenset({'fresh fruits'}),0.0132,0.57912,0.01114,0.843939393939394,1.4572789645313475,1.0,0.003495616,2.6969009708737874,0.3179870156805925,0.0191678997900822,0.6292040342601074,0.4315877381356039,"water seltzer sparkling water, fresh vegetables, eggs",fresh fruits,"water seltzer sparkling water, fresh vegetables, eggs → fresh fruits"
"frozenset({'water seltzer sparkling water', 'eggs'})","frozenset({'fresh fruits', 'fresh vegetables'})",0.02186,0.32152,0.01114,0.5096065873741995,1.5849918741421982,1.0,0.0041115728,1.3835422388059702,0.37733038108932,0.0335299783289188,0.2772175854471753,0.272127254871474,"water seltzer sparkling water, eggs","fresh fruits, fresh vegetables","water seltzer sparkling water, eggs → fresh fruits, fresh vegetables"
"frozenset({'fresh fruits', 'yogurt', 'eggs'})",frozenset({'fresh vegetables'}),0.02643,0.44933,0.01882,0.7120696178584942,1.5847364250294755,1.0,0.0069442081,1.9125109198423127,0.3789971333415498,0.0411870267431172,0.4771271684647687,0.3769771007860116,"fresh fruits, yogurt, eggs",fresh vegetables,"fresh fruits, yogurt, eggs → fresh vegetables"
"frozenset({'fresh fruits', 'fresh vegetables', 'eggs'})",frozenset({'yogurt'}),0.05704,0.20368,0.01882,0.3299438990182328,1.6199130941586448,1.0,0.0072020928,1.1884378021978024,0.4058315655488534,0.077800744109136,0.1585592463057976,0.2111718709545209,"fresh fruits, fresh vegetables, eggs",yogurt,"fresh fruits, fresh vegetables, eggs → yogurt"
"frozenset({'yogurt', 'fresh vegetables', 'eggs'})",frozenset({'fresh fruits'}),0.02153,0.57912,0.01882,0.8741291221551324,1.5094093143996623,1.0,0.0063515464,3.343744059040591,0.3449152061091017,0.0323462179674475,0.7009340480781515,0.4533133523470785,"yogurt, fresh vegetables, eggs",fresh fruits,"yogurt, fresh vegetables, eggs → fresh fruits"
"frozenset({'yogurt', 'eggs'})","frozenset({'fresh fruits', 'fresh vegetables'})",0.03232,0.32152,0.01882,0.5823019801980198,1.811091005841067,1.0,0.0084284736,1.6243313777777777,0.4628044717709967,0.0561757507014506,0.3843620743397298,0.3204182207534015,"yogurt, eggs","fresh fruits, fresh vegetables","yogurt, eggs → fresh fruits, fresh vegetables"
"frozenset({'fresh fruits', 'packaged cheese', 'eggs'})",frozenset({'milk'}),0.02279,0.23003,0.0104,0.4563405002193944,1.9838303709055096,1.0,0.0051576162999999,1.4162725020177562,0.5074903492911136,0.0429007507631383,0.2939211920196818,0.2507759971861655,"fresh fruits, packaged cheese, eggs",milk,"fresh fruits, packaged cheese, eggs → milk"
"frozenset({'fresh fruits', 'eggs', 'milk'})",frozenset({'packaged cheese'}),0.03037,0.16892,0.0104,0.3424432005268357,2.027250772713922,1.0,0.0052698996,1.2638908162243363,0.5225922417670817,0.0550584996558843,0.2087924153232368,0.2020054032470787,"fresh fruits, eggs, milk",packaged cheese,"fresh fruits, eggs, milk → packaged cheese"
"frozenset({'packaged cheese', 'eggs', 'milk'})",frozenset({'fresh fruits'}),0.01209,0.57912,0.0104,0.8602150537634408,1.4853830877252396,1.0,0.0033984391999999,3.0109107692307675,0.3307720338897268,0.0179060277887777,0.6678745812664911,0.4390866676470195,"packaged cheese, eggs, milk",fresh fruits,"packaged cheese, eggs, milk → fresh fruits"
"frozenset({'packaged cheese', 'eggs'})","frozenset({'fresh fruits', 'milk'})",0.0285,0.15639,0.0104,0.3649122807017543,2.333347916757813,1.0,0.0059428849999999,1.328336187845304,0.5881948018528049,0.0596022694710298,0.2471785311954035,0.215706348164676,"packaged cheese, eggs","fresh fruits, milk","packaged cheese, eggs → fresh fruits, milk"
"frozenset({'fresh fruits', 'packaged vegetables fruits', 'eggs'})",frozenset({'milk'}),0.04538,0.23003,0.01754,0.3865138827677391,1.6802759760367738,1.0,0.0071012386,1.2550732255747128,0.4241055805736858,0.0680187691472447,0.2032337399739458,0.2313824032801439,"fresh fruits, packaged vegetables fruits, eggs",milk,"fresh fruits, packaged vegetables fruits, eggs → milk"
"frozenset({'fresh fruits', 'eggs', 'milk'})",frozenset({'packaged vegetables fruits'}),0.03037,0.3423,0.01754,0.5775436285808363,1.6872440215624782,1.0,0.0071443489999999,1.556847155105222,0.4200751862572601,0.0493903640920226,0.3576761875943992,0.3143926147578444,"fresh fruits, eggs, milk",packaged vegetables fruits,"fresh fruits, eggs, milk → packaged vegetables fruits"
"frozenset({'packaged vegetables fruits', 'eggs', 'milk'})",frozenset({'fresh fruits'}),0.0199,0.57912,0.01754,0.8814070351758794,1.521976507763295,1.0,0.006015512,3.548945762711864,0.3499231049073833,0.0301644080621861,0.7182261812770371,0.4558471838401844,"packaged vegetables fruits, eggs, milk",fresh fruits,"packaged vegetables fruits, eggs, milk → fresh fruits"
"frozenset({'packaged vegetables fruits', 'eggs'})","frozenset({'fresh fruits', 'milk'})",0.05482,0.15639,0.01754,0.3199562203575337,2.045886695808772,1.0,0.0089667002,1.2405230740343347,0.5408645745395416,0.0905664274280993,0.1938884322821371,0.2160558645108853,"packaged vegetables fruits, eggs","fresh fruits, milk","packaged vegetables fruits, eggs → fresh fruits, milk"
"frozenset({'eggs', 'milk'})","frozenset({'fresh fruits', 'packaged vegetables fruits'})",0.03868,0.2571,0.01754,0.4534643226473629,1.7637663269053403,1.0,0.007595372,1.3592891201513717,0.4504550731531678,0.0630391029327199,0.2643213388711307,0.2608434020860307,"eggs, milk","fresh fruits, packaged vegetables fruits","eggs, milk → fresh fruits, packaged vegetables fruits"
"frozenset({'fresh fruits', 'yogurt', 'eggs'})",frozenset({'milk'}),0.02643,0.23003,0.01209,0.4574347332576617,1.988587285387392,1.0,0.0060103071,1.419128807531381,0.5106262997525849,0.0494741580390391,0.2953423292565447,0.2549965476052253,"fresh fruits, yogurt, eggs",milk,"fresh fruits, yogurt, eggs → milk"
"frozenset({'fresh fruits', 'eggs', 'milk'})",frozenset({'yogurt'}),0.03037,0.20368,0.01209,0.3980902206124465,1.9544885143973216,1.0,0.0059042384,1.3229889715536105,0.5036531334204574,0.0544692737430167,0.2441358004476171,0.2287240183973465,"fresh fruits, eggs, milk",yogurt,"fresh fruits, eggs, milk → yogurt"
"frozenset({'yogurt', 'eggs', 'milk'})",frozenset({'fresh fruits'}),0.01406,0.57912,0.01209,0.8598862019914651,1.4848152403499535,1.0,0.0039475728,3.0038440609137056,0.3311718091352002,0.0208057271679085,0.6670932379572923,0.4403813521353927,"yogurt, eggs, milk",fresh fruits,"yogurt, eggs, milk → fresh fruits"
"frozenset({'yogurt', 'eggs'})","frozenset({'fresh fruits', 'milk'})",0.03232,0.15639,0.01209,0.3740717821782178,2.3919162489815062,1.0,0.0070354751999999,1.3477743549184378,0.6013611537805086,0.068452043936134,0.2580360381908912,0.22568925767265,"yogurt, eggs","fresh fruits, milk","yogurt, eggs → fresh fruits, milk"
"frozenset({'eggs', 'milk'})","frozenset({'fresh fruits', 'yogurt'})",0.03868,0.14829,0.01209,0.312564632885212,2.107793060120116,1.0,0.0063541428,1.238967386235427,0.5467171431671857,0.0691331198536139,0.1928762523455308,0.197047034225329,"eggs, milk","fresh fruits, yogurt","eggs, milk → fresh fruits, yogurt"
"frozenset({'fresh fruits', 'packaged vegetables fruits', 'eggs'})",frozenset({'packaged cheese'}),0.04538,0.16892,0.01464,0.3226090788893786,1.9098335240905675,1.0,0.0069744104,1.2268838776837998,0.4990406161671288,0.073324651908244,0.1849269371051868,0.2046386621063042,"fresh fruits, packaged vegetables fruits, eggs",packaged cheese,"fresh fruits, packaged vegetables fruits, eggs → packaged cheese"
"frozenset({'fresh fruits', 'packaged cheese', 'eggs'})",frozenset({'packaged vegetables fruits'}),0.02279,0.3423,0.01464,0.6423870118473014,1.876678386933396,1.0,0.006838983,1.839139018404908,0.4780381366758257,0.0417748608931373,0.4562673131325854,0.3425782561427567,"fresh fruits, packaged cheese, eggs",packaged vegetables fruits,"fresh fruits, packaged cheese, eggs → packaged vegetables fruits"
"frozenset({'packaged vegetables fruits', 'packaged cheese', 'eggs'})",frozenset({'fresh fruits'}),0.01673,0.57912,0.01464,0.8750747160789003,1.5110421261204938,1.0,0.0049513224,3.36905377990431,0.3439595248174084,0.0251888301990674,0.7031807547968549,0.4501772254244481,"packaged vegetables fruits, packaged cheese, eggs",fresh fruits,"packaged vegetables fruits, packaged cheese, eggs → fresh fruits"
"frozenset({'packaged cheese', 'eggs'})","frozenset({'fresh fruits', 'packaged vegetables fruits'})",0.0285,0.2571,0.01464,0.5136842105263157,1.997993817683064,1.0,0.00731265,1.527608225108225,0.5141512617804139,0.054030115146147,0.3453818959837337,0.2853135171651415,"packaged cheese, eggs","fresh fruits, packaged vegetables fruits","packaged cheese, eggs → fresh fruits, packaged vegetables fruits"
"frozenset({'fresh fruits', 'soy lactosefree', 'eggs'})",frozenset({'packaged vegetables fruits'}),0.01759,0.3423,0.011,0.6253553155201819,1.8269217514466312,1.0,0.0049789429999999,1.75553004552352,0.4607355196080879,0.031528562010949,0.4303714695456619,0.3287454345640641,"fresh fruits, soy lactosefree, eggs",packaged vegetables fruits,"fresh fruits, soy lactosefree, eggs → packaged vegetables fruits"
"frozenset({'packaged vegetables fruits', 'soy lactosefree', 'eggs'})",frozenset({'fresh fruits'}),0.01279,0.57912,0.011,0.8600469116497264,1.4850927470122366,1.0,0.0035930552,3.007293407821229,0.3308732506945653,0.0189358076121946,0.66747507995088,0.4395206239420064,"packaged vegetables fruits, soy lactosefree, eggs",fresh fruits,"packaged vegetables fruits, soy lactosefree, eggs → fresh fruits"
"frozenset({'soy lactosefree', 'eggs'})","frozenset({'fresh fruits', 'packaged vegetables fruits'})",0.02239,0.2571,0.011,0.4912907548012505,1.9108936398337244,1.0,0.0052435309999999,1.460362686567164,0.4876020461775517,0.0409698685239673,0.3152385984671564,0.2670378316985638,"soy lactosefree, eggs","fresh fruits, packaged vegetables fruits","soy lactosefree, eggs → fresh fruits, packaged vegetables fruits"
"frozenset({'fresh fruits', 'yogurt', 'eggs'})",frozenset({'packaged vegetables fruits'}),0.02643,0.3423,0.01627,0.6155883465758608,1.7983883919832335,1.0,0.007223011,1.710926279527559,0.4559986326753779,0.046161266526698,0.4155212810945125,0.3315598758879888,"fresh fruits, yogurt, eggs",packaged vegetables fruits,"fresh fruits, yogurt, eggs → packaged vegetables fruits"
"frozenset({'fresh fruits', 'packaged vegetables fruits', 'eggs'})",frozenset({'yogurt'}),0.04538,0.20368,0.01627,0.3585279858968709,1.7602513054638202,1.0,0.0070270016,1.2413947646856751,0.4524305999496229,0.0698913183555994,0.1944544729466431,0.2192040950694095,"fresh fruits, packaged vegetables fruits, eggs",yogurt,"fresh fruits, packaged vegetables fruits, eggs → yogurt"
"frozenset({'yogurt', 'packaged vegetables fruits', 'eggs'})",frozenset({'fresh fruits'}),0.0183,0.57912,0.01627,0.8890710382513661,1.535210385155695,1.0,0.005672104,3.794139901477833,0.3551222153359772,0.0279962144024778,0.7364356544653253,0.4585826941498577,"yogurt, packaged vegetables fruits, eggs",fresh fruits,"yogurt, packaged vegetables fruits, eggs → fresh fruits"
"frozenset({'yogurt', 'eggs'})","frozenset({'fresh fruits', 'packaged vegetables fruits'})",0.03232,0.2571,0.01627,0.5034034653465346,1.9580064774272057,1.0,0.007960528,1.4959830529595013,0.5056180346208005,0.0595643419366648,0.3315432297032367,0.2833431173484909,"yogurt, eggs","fresh fruits, packaged vegetables fruits","yogurt, eggs → fresh fruits, packaged vegetables fruits"
"frozenset({'packaged vegetables fruits', 'fresh vegetables', 'eggs'})",frozenset({'milk'}),0.04027,0.23003,0.01486,0.3690091879811273,1.6041785331527512,1.0,0.0055966918999999,1.2202554860291224,0.3924311919883141,0.0581741309113686,0.180499484370985,0.2168047287555943,"packaged vegetables fruits, fresh vegetables, eggs",milk,"packaged vegetables fruits, fresh vegetables, eggs → milk"
"frozenset({'packaged vegetables fruits', 'eggs', 'milk'})",frozenset({'fresh vegetables'}),0.0199,0.44933,0.01486,0.7467336683417085,1.66188251027465,1.0,0.005918333,2.1742724206349204,0.4063592956084493,0.0327046239848581,0.5400760316372937,0.389902565148087,"packaged vegetables fruits, eggs, milk",fresh vegetables,"packaged vegetables fruits, eggs, milk → fresh vegetables"
"frozenset({'fresh vegetables', 'eggs', 'milk'})",frozenset({'packaged vegetables fruits'}),0.02459,0.3423,0.01486,0.604310695404636,1.7654417043664503,1.0,0.006442843,1.6621626927029802,0.4444997646915581,0.0422123114507286,0.398374175771075,0.3238614534575035,"fresh vegetables, eggs, milk",packaged vegetables fruits,"fresh vegetables, eggs, milk → packaged vegetables fruits"
"frozenset({'eggs', 'milk'})","frozenset({'packaged vegetables fruits', 'fresh vegetables'})",0.03868,0.21588,0.01486,0.3841778697001034,1.7795899096725192,1.0,0.0065097616,1.2732897397145255,0.4556992323083799,0.061994159365874,0.2146327981687795,0.2265062037031182,"eggs, milk","packaged vegetables fruits, fresh vegetables","eggs, milk → packaged vegetables fruits, fresh vegetables"
"frozenset({'packaged vegetables fruits', 'packaged cheese', 'eggs'})",frozenset({'fresh vegetables'}),0.01673,0.44933,0.01318,0.7878063359234908,1.7532912022867175,1.0,0.0056627091,2.595129323943663,0.4369543355635689,0.0291026320438085,0.6146627488758981,0.4085694488688738,"packaged vegetables fruits, packaged cheese, eggs",fresh vegetables,"packaged vegetables fruits, packaged cheese, eggs → fresh vegetables"
"frozenset({'packaged vegetables fruits', 'fresh vegetables', 'eggs'})",frozenset({'packaged cheese'}),0.04027,0.16892,0.01318,0.3272907871864912,1.937549059830045,1.0,0.0063775916,1.2354223551125878,0.5041876740529279,0.0672414672720779,0.1905602194572017,0.2026579439129235,"packaged vegetables fruits, fresh vegetables, eggs",packaged cheese,"packaged vegetables fruits, fresh vegetables, eggs → packaged cheese"
"frozenset({'packaged cheese', 'fresh vegetables', 'eggs'})",frozenset({'packaged vegetables fruits'}),0.02005,0.3423,0.01318,0.6573566084788031,1.9204107755734825,1.0,0.006316885,1.919488355167395,0.4890842112736699,0.0377466563565025,0.4790278371275704,0.3479304222645257,"packaged cheese, fresh vegetables, eggs",packaged vegetables fruits,"packaged cheese, fresh vegetables, eggs → packaged vegetables fruits"
"frozenset({'packaged cheese', 'eggs'})","frozenset({'packaged vegetables fruits', 'fresh vegetables'})",0.0285,0.21588,0.01318,0.4624561403508772,2.142190755747995,1.0,0.00702742,1.458708877284595,0.5488298135714604,0.0570069204152249,0.3144622511233959,0.2617542884448475,"packaged cheese, eggs","packaged vegetables fruits, fresh vegetables","packaged cheese, eggs → packaged vegetables fruits, fresh vegetables"
"frozenset({'yogurt', 'packaged vegetables fruits', 'eggs'})",frozenset({'fresh vegetables'}),0.0183,0.44933,0.01387,0.7579234972677595,1.6867858751202,1.0,0.005647261,2.2747767494356657,0.4147463836954552,0.0305668194640338,0.5603964212100887,0.3943958393912296,"yogurt, packaged vegetables fruits, eggs",fresh vegetables,"yogurt, packaged vegetables fruits, eggs → fresh vegetables"
"frozenset({'yogurt', 'fresh vegetables', 'eggs'})",frozenset({'packaged vegetables fruits'}),0.02153,0.3423,0.01387,0.6442173711100789,1.882025624043468,1.0,0.006500281,1.848600652741514,0.4789698267137763,0.0396331009258201,0.4590502829710794,0.3423686913978674,"yogurt, fresh vegetables, eggs",packaged vegetables fruits,"yogurt, fresh vegetables, eggs → packaged vegetables fruits"
"frozenset({'packaged vegetables fruits', 'fresh vegetables', 'eggs'})",frozenset({'yogurt'}),0.04027,0.20368,0.01387,0.3444251303700025,1.6910110485565717,1.0,0.0056678064,1.2146896363636366,0.425784135349711,0.0602833796940194,0.1767444373744254,0.2062610726476878,"packaged vegetables fruits, fresh vegetables, eggs",yogurt,"packaged vegetables fruits, fresh vegetables, eggs → yogurt"
"frozenset({'yogurt', 'eggs'})","frozenset({'packaged vegetables fruits', 'fresh vegetables'})",0.03232,0.21588,0.01387,0.4291460396039603,1.987891604613491,1.0,0.0068927584,1.3735912411924118,0.5135524789904747,0.0591900311526479,0.2719813798958837,0.2466973481325342,"yogurt, eggs","packaged vegetables fruits, fresh vegetables","yogurt, eggs → packaged vegetables fruits, fresh vegetables"
"frozenset({'fresh fruits', 'fresh vegetables', 'fresh dips tapenades'})",frozenset({'milk'}),0.03513,0.23003,0.01122,0.3193851409052092,1.388449945247182,1.0,0.0031390461,1.1312859096612298,0.2899586262181894,0.0441836654327794,0.116050158973998,0.1840806937408713,"fresh fruits, fresh vegetables, fresh dips tapenades",milk,"fresh fruits, fresh vegetables, fresh dips tapenades → milk"
"frozenset({'fresh fruits', 'fresh dips tapenades', 'milk'})",frozenset({'fresh vegetables'}),0.01614,0.44933,0.01122,0.6951672862453532,1.5471196809591017,1.0,0.0039678138,1.8064662195121952,0.3594389380429001,0.0247000550357732,0.4464330474610078,0.3600688989480165,"fresh fruits, fresh dips tapenades, milk",fresh vegetables,"fresh fruits, fresh dips tapenades, milk → fresh vegetables"
"frozenset({'fresh vegetables', 'fresh dips tapenades', 'milk'})",frozenset({'fresh fruits'}),0.01264,0.57912,0.01122,0.8876582278481013,1.532770803716158,1.0,0.0038999232,3.746424788732397,0.3520364790632743,0.0193268336376477,0.733078853469163,0.4535162254035368,"fresh vegetables, fresh dips tapenades, milk",fresh fruits,"fresh vegetables, fresh dips tapenades, milk → fresh fruits"
"frozenset({'fresh dips tapenades', 'milk'})","frozenset({'fresh fruits', 'fresh vegetables'})",0.01967,0.32152,0.01122,0.5704117946110829,1.7741098364365606,1.0,0.0048957016,1.5793729704142014,0.4450920006510231,0.0340030911901081,0.3668373343519086,0.302654267546895,"fresh dips tapenades, milk","fresh fruits, fresh vegetables","fresh dips tapenades, milk → fresh fruits, fresh vegetables"
"frozenset({'fresh fruits', 'packaged cheese', 'fresh dips tapenades'})",frozenset({'fresh vegetables'}),0.01614,0.44933,0.01216,0.7534076827757125,1.6767357683121813,1.0,0.0049078138,2.2331190452261303,0.4102241259453901,0.0268249101056672,0.5521958392062623,0.3902350990381355,"fresh fruits, packaged cheese, fresh dips tapenades",fresh vegetables,"fresh fruits, packaged cheese, fresh dips tapenades → fresh vegetables"
"frozenset({'fresh fruits', 'fresh vegetables', 'fresh dips tapenades'})",frozenset({'packaged cheese'}),0.03513,0.16892,0.01216,0.3461428978081411,2.049152840446017,1.0,0.0062258404,1.2710422464083586,0.5306346491728092,0.0633696388555943,0.2132440893874731,0.2090648185465048,"fresh fruits, fresh vegetables, fresh dips tapenades",packaged cheese,"fresh fruits, fresh vegetables, fresh dips tapenades → packaged cheese"
"frozenset({'packaged cheese', 'fresh vegetables', 'fresh dips tapenades'})",frozenset({'fresh fruits'}),0.0137,0.57912,0.01216,0.8875912408759125,1.5326551334367875,1.0,0.004226056,3.7441922077922096,0.3523648991179154,0.0209416870457754,0.7329196941548957,0.4542943081019982,"packaged cheese, fresh vegetables, fresh dips tapenades",fresh fruits,"packaged cheese, fresh vegetables, fresh dips tapenades → fresh fruits"
"frozenset({'packaged cheese', 'fresh dips tapenades'})","frozenset({'fresh fruits', 'fresh vegetables'})",0.01948,0.32152,0.01216,0.6242299794661191,1.9414965770904429,1.0,0.0058967904,1.8055724590163933,0.4945675978589234,0.0369784697725337,0.4461590311669012,0.3310251663939205,"packaged cheese, fresh dips tapenades","fresh fruits, fresh vegetables","packaged cheese, fresh dips tapenades → fresh fruits, fresh vegetables"
"frozenset({'fresh fruits', 'packaged vegetables fruits', 'fresh dips tapenades'})",frozenset({'fresh vegetables'}),0.03119,0.44933,0.02331,0.7473549214491825,1.6632651313047926,1.0,0.0092953973,2.179618946700508,0.4116110929314757,0.0509831368517749,0.5412042084173506,0.3996160804472894,"fresh fruits, packaged vegetables fruits, fresh dips tapenades",fresh vegetables,"fresh fruits, packaged vegetables fruits, fresh dips tapenades → fresh vegetables"
"frozenset({'fresh fruits', 'fresh vegetables', 'fresh dips tapenades'})",frozenset({'packaged vegetables fruits'}),0.03513,0.3423,0.02331,0.6635354397950469,1.9384616996641744,1.0,0.011285001,1.9547378172588827,0.5017536321235265,0.0658251440189766,0.4884224415311646,0.3658167996521247,"fresh fruits, fresh vegetables, fresh dips tapenades",packaged vegetables fruits,"fresh fruits, fresh vegetables, fresh dips tapenades → packaged vegetables fruits"
"frozenset({'packaged vegetables fruits', 'fresh vegetables', 'fresh dips tapenades'})",frozenset({'fresh fruits'}),0.02659,0.57912,0.02331,0.8766453553967658,1.5137542398756143,1.0,0.0079111992,3.4119509756097592,0.3486616996648741,0.0400240384615384,0.7069125532141366,0.4584480403175291,"packaged vegetables fruits, fresh vegetables, fresh dips tapenades",fresh fruits,"packaged vegetables fruits, fresh vegetables, fresh dips tapenades → fresh fruits"
"frozenset({'fresh fruits', 'fresh dips tapenades'})","frozenset({'packaged vegetables fruits', 'fresh vegetables'})",0.05223,0.21588,0.02331,0.4462952326249282,2.067330149272412,1.0,0.0120345876,1.416133734439834,0.5447358793001724,0.0952205882352941,0.2938520030415347,0.2771359431607131,"fresh fruits, fresh dips tapenades","packaged vegetables fruits, fresh vegetables","fresh fruits, fresh dips tapenades → packaged vegetables fruits, fresh vegetables"
"frozenset({'packaged vegetables fruits', 'fresh dips tapenades'})","frozenset({'fresh fruits', 'fresh vegetables'})",0.03744,0.32152,0.02331,0.6225961538461539,1.9364150094742285,1.0,0.0112722912,1.797755923566879,0.5023913065801364,0.0694473409801877,0.443750963692598,0.3475477659004344,"packaged vegetables fruits, fresh dips tapenades","fresh fruits, fresh vegetables","packaged vegetables fruits, fresh dips tapenades → fresh fruits, fresh vegetables"
"frozenset({'fresh vegetables', 'fresh dips tapenades'})","frozenset({'fresh fruits', 'packaged vegetables fruits'})",0.04237,0.2571,0.02331,0.5501534104319095,2.1398421253672093,1.0,0.012416673,1.6514518887722984,0.5562438565790592,0.0844075898030127,0.3944722175688645,0.320409260641859,"fresh vegetables, fresh dips tapenades","fresh fruits, packaged vegetables fruits","fresh vegetables, fresh dips tapenades → fresh fruits, packaged vegetables fruits"
frozenset({'fresh dips tapenades'}),"frozenset({'fresh fruits', 'packaged vegetables fruits', 'fresh vegetables'})",0.07143,0.17477,0.02331,0.3263334733305334,1.8672167610604415,1.0,0.0108261789,1.2249829364089777,0.5001707348434037,0.1045807348916506,0.1836620982399251,0.2298543832865404,fresh dips tapenades,"fresh fruits, packaged vegetables fruits, fresh vegetables","fresh dips tapenades → fresh fruits, packaged vegetables fruits, fresh vegetables"
"frozenset({'fresh fruits', 'yogurt', 'fresh dips tapenades'})",frozenset({'fresh vegetables'}),0.01886,0.44933,0.01338,0.7094379639448569,1.5788795850374044,1.0,0.0049056362,1.8951890875912412,0.3736872177580072,0.0294188782128801,0.4723481648625436,0.3696078164593311,"fresh fruits, yogurt, fresh dips tapenades",fresh vegetables,"fresh fruits, yogurt, fresh dips tapenades → fresh vegetables"
"frozenset({'fresh fruits', 'fresh vegetables', 'fresh dips tapenades'})",frozenset({'yogurt'}),0.03513,0.20368,0.01338,0.3808710503842869,1.869948204950348,1.0,0.0062247215999999,1.2861940965517242,0.4821642600520407,0.0593532360377944,0.222512369881815,0.2232811654120963,"fresh fruits, fresh vegetables, fresh dips tapenades",yogurt,"fresh fruits, fresh vegetables, fresh dips tapenades → yogurt"
"frozenset({'yogurt', 'fresh vegetables', 'fresh dips tapenades'})",frozenset({'fresh fruits'}),0.01496,0.57912,0.01338,0.8943850267379679,1.5443863564338445,1.0,0.0047163648,3.985041012658229,0.3578470237624823,0.0230411572240399,0.7490615537397072,0.4587445233151091,"yogurt, fresh vegetables, fresh dips tapenades",fresh fruits,"yogurt, fresh vegetables, fresh dips tapenades → fresh fruits"
"frozenset({'yogurt', 'fresh dips tapenades'})","frozenset({'fresh fruits', 'fresh vegetables'})",0.02248,0.32152,0.01338,0.5951957295373665,1.8511934857469723,1.0,0.0061522304,1.6760692747252746,0.4703821427361221,0.0404694210876535,0.4033659496777599,0.3184052795484792,"yogurt, fresh dips tapenades","fresh fruits, fresh vegetables","yogurt, fresh dips tapenades → fresh fruits, fresh vegetables"
"frozenset({'fresh vegetables', 'fresh dips tapenades'})","frozenset({'fresh fruits', 'yogurt'})",0.04237,0.14829,0.01338,0.3157894736842105,2.129539912901817,1.0,0.0070969527,1.244806923076923,0.5538830237147959,0.0754738267148014,0.1966625655260716,0.2030090398969302,"fresh vegetables, fresh dips tapenades","fresh fruits, yogurt","fresh vegetables, fresh dips tapenades → fresh fruits, yogurt"
"frozenset({'fresh fruits', 'packaged vegetables fruits', 'fresh dips tapenades'})",frozenset({'milk'}),0.03119,0.23003,0.01014,0.3251042000641231,1.4133121769513677,1.0,0.0029653642999999,1.1408724133016628,0.3018571635911862,0.0403855344909988,0.1234777979195593,0.1845927034316181,"fresh fruits, packaged vegetables fruits, fresh dips tapenades",milk,"fresh fruits, packaged vegetables fruits, fresh dips tapenades → milk"
"frozenset({'fresh fruits', 'fresh dips tapenades', 'milk'})",frozenset({'packaged vegetables fruits'}),0.01614,0.3423,0.01014,0.6282527881040891,1.8353864683146048,1.0,0.004615278,1.7692129999999997,0.4626223459656609,0.0291128337639965,0.434776931890055,0.3289379628513434,"fresh fruits, fresh dips tapenades, milk",packaged vegetables fruits,"fresh fruits, fresh dips tapenades, milk → packaged vegetables fruits"
"frozenset({'packaged vegetables fruits', 'fresh dips tapenades', 'milk'})",frozenset({'fresh fruits'}),0.01137,0.57912,0.01014,0.8918205804749341,1.539958178745224,1.0,0.0035554056,3.890573658536587,0.3546642484815668,0.0174722150426466,0.74296849571121,0.4546649524836336,"packaged vegetables fruits, fresh dips tapenades, milk",fresh fruits,"packaged vegetables fruits, fresh dips tapenades, milk → fresh fruits"
"frozenset({'fresh dips tapenades', 'milk'})","frozenset({'fresh fruits', 'packaged vegetables fruits'})",0.01967,0.2571,0.01014,0.5155058464667005,2.0050791383380027,1.0,0.005082843,1.5333518363064007,0.5113243173700053,0.038030229156509,0.3478339567461307,0.2774728765589045,"fresh dips tapenades, milk","fresh fruits, packaged vegetables fruits","fresh dips tapenades, milk → fresh fruits, packaged vegetables fruits"
"frozenset({'fresh fruits', 'packaged vegetables fruits', 'fresh dips tapenades'})",frozenset({'packaged cheese'}),0.03119,0.16892,0.0109,0.3494709842898365,2.0688549863239194,1.0,0.0056313852,1.2775448595367176,0.5332736491538046,0.0576079488399133,0.2172486214201238,0.2069992856566397,"fresh fruits, packaged vegetables fruits, fresh dips tapenades",packaged cheese,"fresh fruits, packaged vegetables fruits, fresh dips tapenades → packaged cheese"
"frozenset({'fresh fruits', 'packaged cheese', 'fresh dips tapenades'})",frozenset({'packaged vegetables fruits'}),0.01614,0.3423,0.0109,0.6753407682775712,1.972949951146863,1.0,0.005375278,2.02581641221374,0.5012346986788789,0.0313632963112159,0.506371853850648,0.3535920902445407,"fresh fruits, packaged cheese, fresh dips tapenades",packaged vegetables fruits,"fresh fruits, packaged cheese, fresh dips tapenades → packaged vegetables fruits"
"frozenset({'packaged vegetables fruits', 'packaged cheese', 'fresh dips tapenades'})",frozenset({'fresh fruits'}),0.01228,0.57912,0.0109,0.8876221498371336,1.5327085057278866,1.0,0.0037884064,3.7452220289855096,0.3518813228278118,0.018776916451335,0.7329931330477419,0.453221905143736,"packaged vegetables fruits, packaged cheese, fresh dips tapenades",fresh fruits,"packaged vegetables fruits, packaged cheese, fresh dips tapenades → fresh fruits"
"frozenset({'packaged cheese', 'fresh dips tapenades'})","frozenset({'fresh fruits', 'packaged vegetables fruits'})",0.01948,0.2571,0.0109,0.5595482546201231,2.1763837208095027,1.0,0.005891692,1.686677389277389,0.5512607614682642,0.0410267991568804,0.4071183936197646,0.3009721047507461,"packaged cheese, fresh dips tapenades","fresh fruits, packaged vegetables fruits","packaged cheese, fresh dips tapenades → fresh fruits, packaged vegetables fruits"
"frozenset({'fresh fruits', 'yogurt', 'fresh dips tapenades'})",frozenset({'packaged vegetables fruits'}),0.01886,0.3423,0.01234,0.6542948038176035,1.9114659766801156,1.0,0.005884222,1.9024880368098165,0.4860074291246358,0.0353764119029872,0.4743725160675134,0.3451725260688952,"fresh fruits, yogurt, fresh dips tapenades",packaged vegetables fruits,"fresh fruits, yogurt, fresh dips tapenades → packaged vegetables fruits"
"frozenset({'fresh fruits', 'packaged vegetables fruits', 'fresh dips tapenades'})",frozenset({'yogurt'}),0.03119,0.20368,0.01234,0.395639628085925,1.9424569328649104,1.0,0.0059872208,1.3176244456233424,0.5008082816164201,0.0554531973217094,0.2410584037647239,0.2281124299109908,"fresh fruits, packaged vegetables fruits, fresh dips tapenades",yogurt,"fresh fruits, packaged vegetables fruits, fresh dips tapenades → yogurt"
"frozenset({'yogurt', 'packaged vegetables fruits', 'fresh dips tapenades'})",frozenset({'fresh fruits'}),0.01368,0.57912,0.01234,0.9020467836257312,1.557616355203984,1.0,0.0044176384,4.296745074626871,0.3629586618523247,0.0212590014815835,0.7672656900440294,0.4616774876824608,"yogurt, packaged vegetables fruits, fresh dips tapenades",fresh fruits,"yogurt, packaged vegetables fruits, fresh dips tapenades → fresh fruits"
"frozenset({'yogurt', 'fresh dips tapenades'})","frozenset({'fresh fruits', 'packaged vegetables fruits'})",0.02248,0.2571,0.01234,0.548932384341637,2.135092899033983,1.0,0.006560392,1.646981459566075,0.5438623298757693,0.0461757221972758,0.3928286234239292,0.2984646363559605,"yogurt, fresh dips tapenades","fresh fruits, packaged vegetables fruits","yogurt, fresh dips tapenades → fresh fruits, packaged vegetables fruits"
"frozenset({'packaged vegetables fruits', 'fresh dips tapenades'})","frozenset({'fresh fruits', 'yogurt'})",0.03744,0.14829,0.01234,0.3295940170940171,2.2226314457752854,1.0,0.0067880224,1.270439139442231,0.5714790272940445,0.0711690408904781,0.2128705980838749,0.2064046692119218,"packaged vegetables fruits, fresh dips tapenades","fresh fruits, yogurt","packaged vegetables fruits, fresh dips tapenades → fresh fruits, yogurt"
"frozenset({'yogurt', 'packaged vegetables fruits', 'fresh dips tapenades'})",frozenset({'fresh vegetables'}),0.01368,0.44933,0.01032,0.7543859649122807,1.6789129702274068,1.0,0.0041731656,2.242013571428572,0.4099851079040342,0.0227970575890786,0.5539723698626776,0.3886767471724958,"yogurt, packaged vegetables fruits, fresh dips tapenades",fresh vegetables,"yogurt, packaged vegetables fruits, fresh dips tapenades → fresh vegetables"
"frozenset({'yogurt', 'fresh vegetables', 'fresh dips tapenades'})",frozenset({'packaged vegetables fruits'}),0.01496,0.3423,0.01032,0.6898395721925134,2.0153069593704744,1.0,0.005199192,2.120515517241379,0.5114489507213967,0.0297457773678445,0.5284165610346866,0.3599942821523478,"yogurt, fresh vegetables, fresh dips tapenades",packaged vegetables fruits,"yogurt, fresh vegetables, fresh dips tapenades → packaged vegetables fruits"
"frozenset({'packaged vegetables fruits', 'fresh vegetables', 'fresh dips tapenades'})",frozenset({'yogurt'}),0.02659,0.20368,0.01032,0.3881158330199323,1.9055176405142005,1.0,0.0049041488,1.301422790411801,0.4881891670049245,0.0469197544896567,0.2316101981865736,0.2193917735406024,"packaged vegetables fruits, fresh vegetables, fresh dips tapenades",yogurt,"packaged vegetables fruits, fresh vegetables, fresh dips tapenades → yogurt"
"frozenset({'yogurt', 'fresh dips tapenades'})","frozenset({'packaged vegetables fruits', 'fresh vegetables'})",0.02248,0.21588,0.01032,0.4590747330960854,2.1265273906618742,1.0,0.0054670176,1.4495902631578947,0.5419324079730957,0.0452552183827398,0.3101498917207639,0.2534395344190822,"yogurt, fresh dips tapenades","packaged vegetables fruits, fresh vegetables","yogurt, fresh dips tapenades → packaged vegetables fruits, fresh vegetables"
"frozenset({'fresh fruits', 'frozen produce', 'fresh herbs'})",frozenset({'fresh vegetables'}),0.01198,0.44933,0.01107,0.9240400667779634,2.056484247163473,1.0,0.0056870266,7.249479780219788,0.5199623558889517,0.0245868869936034,0.8620590676411705,0.4743383740294908,"fresh fruits, frozen produce, fresh herbs",fresh vegetables,"fresh fruits, frozen produce, fresh herbs → fresh vegetables"
"frozenset({'frozen produce', 'fresh vegetables', 'fresh herbs'})",frozenset({'fresh fruits'}),0.01254,0.57912,0.01107,0.8827751196172248,1.5243388582974595,1.0,0.0038078352,3.59036408163265,0.3483461468604923,0.0190668113470779,0.7214767145438719,0.4509451644501374,"frozen produce, fresh vegetables, fresh herbs",fresh fruits,"frozen produce, fresh vegetables, fresh herbs → fresh fruits"
"frozenset({'frozen produce', 'fresh herbs'})","frozenset({'fresh fruits', 'fresh vegetables'})",0.01378,0.32152,0.01107,0.8033381712626996,2.4985636080576623,1.0,0.0066394544,3.4499831734317343,0.6081503570877881,0.0341424297566542,0.7101435138289995,0.4188841888908671,"frozen produce, fresh herbs","fresh fruits, fresh vegetables","frozen produce, fresh herbs → fresh fruits, fresh vegetables"
"frozenset({'fresh fruits', 'fresh herbs', 'milk'})",frozenset({'fresh vegetables'}),0.0187,0.44933,0.01649,0.8818181818181818,1.9625179307372795,1.0,0.008087529,4.659515384615386,0.4997967140160171,0.0365194667139123,0.7853854065378209,0.4592586335614845,"fresh fruits, fresh herbs, milk",fresh vegetables,"fresh fruits, fresh herbs, milk → fresh vegetables"
"frozenset({'fresh herbs', 'fresh vegetables', 'milk'})",frozenset({'fresh fruits'}),0.01941,0.57912,0.01649,0.8495620814013396,1.4669879841852114,1.0,0.0052492808,2.7976989041095908,0.3246322706510817,0.0283313861590268,0.6425633943198528,0.4390181590871873,"fresh herbs, fresh vegetables, milk",fresh fruits,"fresh herbs, fresh vegetables, milk → fresh fruits"
"frozenset({'fresh herbs', 'milk'})","frozenset({'fresh fruits', 'fresh vegetables'})",0.02259,0.32152,0.01649,0.7299690128375388,2.2703689127815965,1.0,0.0092268632,2.512600524590164,0.5724751611306944,0.0503327025212136,0.6020059734075269,0.3906283232886375,"fresh herbs, milk","fresh fruits, fresh vegetables","fresh herbs, milk → fresh fruits, fresh vegetables"
"frozenset({'fresh fruits', 'packaged cheese', 'fresh herbs'})",frozenset({'fresh vegetables'}),0.01786,0.44933,0.0163,0.9126539753639415,2.03114409312519,1.0,0.0082749661999999,6.304465512820505,0.516898444251135,0.0361507241234003,0.8413822713493411,0.4744651044335787,"fresh fruits, packaged cheese, fresh herbs",fresh vegetables,"fresh fruits, packaged cheese, fresh herbs → fresh vegetables"
"frozenset({'packaged cheese', 'fresh vegetables', 'fresh herbs'})",frozenset({'fresh fruits'}),0.01911,0.57912,0.0163,0.8529565672422815,1.4728494392220637,1.0,0.0052330168,2.862283558718861,0.3272986527134773,0.0280102417816575,0.6506286049284393,0.4405513600129075,"packaged cheese, fresh vegetables, fresh herbs",fresh fruits,"packaged cheese, fresh vegetables, fresh herbs → fresh fruits"
"frozenset({'packaged cheese', 'fresh herbs'})","frozenset({'fresh fruits', 'fresh vegetables'})",0.02158,0.32152,0.0163,0.7553290083410565,2.349244240921425,1.0,0.0093615984,2.77303,0.586998620412552,0.0498776009791921,0.6393836345081013,0.4030128495300704,"packaged cheese, fresh herbs","fresh fruits, fresh vegetables","packaged cheese, fresh herbs → fresh fruits, fresh vegetables"
"frozenset({'fresh fruits', 'packaged vegetables fruits', 'fresh herbs'})",frozenset({'fresh vegetables'}),0.03969,0.44933,0.03614,0.91055681531872,2.026476788370952,1.0,0.0183060922999999,6.156645718309854,0.527467916031104,0.079800388623918,0.8375738923833149,0.4954938395245815,"fresh fruits, packaged vegetables fruits, fresh herbs",fresh vegetables,"fresh fruits, packaged vegetables fruits, fresh herbs → fresh vegetables"
"frozenset({'fresh fruits', 'fresh vegetables', 'fresh herbs'})",frozenset({'packaged vegetables fruits'}),0.06019,0.3423,0.03614,0.6004319654427646,1.7541103284918629,1.0,0.0155369629999999,1.6460275675675673,0.457443985118988,0.0986488330831172,0.392476760594138,0.3530059330573449,"fresh fruits, fresh vegetables, fresh herbs",packaged vegetables fruits,"fresh fruits, fresh vegetables, fresh herbs → packaged vegetables fruits"
"frozenset({'packaged vegetables fruits', 'fresh vegetables', 'fresh herbs'})",frozenset({'fresh fruits'}),0.04234,0.57912,0.03614,0.8535663675011809,1.4739024165996355,1.0,0.0116200591999999,2.8742030967741927,0.3357444516258333,0.0617440032802569,0.6520774745798823,0.4579856979100047,"packaged vegetables fruits, fresh vegetables, fresh herbs",fresh fruits,"packaged vegetables fruits, fresh vegetables, fresh herbs → fresh fruits"
"frozenset({'fresh fruits', 'fresh herbs'})","frozenset({'packaged vegetables fruits', 'fresh vegetables'})",0.06851,0.21588,0.03614,0.5275142314990512,2.4435530456691272,1.0,0.0213500612,1.6595632128514055,0.6342095525610665,0.1455790533736153,0.3974318108185625,0.3474610253289215,"fresh fruits, fresh herbs","packaged vegetables fruits, fresh vegetables","fresh fruits, fresh herbs → packaged vegetables fruits, fresh vegetables"
"frozenset({'packaged vegetables fruits', 'fresh herbs'})","frozenset({'fresh fruits', 'fresh vegetables'})",0.04759,0.32152,0.03614,0.7594032359739441,2.3619160113645936,1.0,0.0208388632,2.8199880524017464,0.6054272002147212,0.1085383067543622,0.6453885685266244,0.4359034094773925,"packaged vegetables fruits, fresh herbs","fresh fruits, fresh vegetables","packaged vegetables fruits, fresh herbs → fresh fruits, fresh vegetables"
"frozenset({'fresh vegetables', 'fresh herbs'})","frozenset({'fresh fruits', 'packaged vegetables fruits'})",0.07633,0.2571,0.03614,0.4734704572252063,1.8415809304753263,1.0,0.016515557,1.4109369743717344,0.4947527748193968,0.1215648020451411,0.2912511202385333,0.307019164824194,"fresh vegetables, fresh herbs","fresh fruits, packaged vegetables fruits","fresh vegetables, fresh herbs → fresh fruits, packaged vegetables fruits"
frozenset({'fresh herbs'}),"frozenset({'fresh fruits', 'packaged vegetables fruits', 'fresh vegetables'})",0.09123,0.17477,0.03614,0.3961416200811136,2.266645420158572,1.0,0.0201957328999999,1.3665952604828462,0.6149183996206333,0.1572261376490037,0.2682544503727611,0.3014638408810901,fresh herbs,"fresh fruits, packaged vegetables fruits, fresh vegetables","fresh herbs → fresh fruits, packaged vegetables fruits, fresh vegetables"
"frozenset({'fresh fruits', 'soy lactosefree', 'fresh herbs'})",frozenset({'fresh vegetables'}),0.0152,0.44933,0.01384,0.9105263157894736,2.0264089105768,1.0,0.007010184,6.154547058823526,0.5143340627245109,0.0307084692360602,0.837518506164261,0.4706638656151204,"fresh fruits, soy lactosefree, fresh herbs",fresh vegetables,"fresh fruits, soy lactosefree, fresh herbs → fresh vegetables"
"frozenset({'soy lactosefree', 'fresh vegetables', 'fresh herbs'})",frozenset({'fresh fruits'}),0.01592,0.57912,0.01384,0.8693467336683417,1.5011512875886548,1.0,0.0046204096,3.221350769230769,0.339245411224145,0.0238128011011699,0.6895712166611426,0.4466225310833765,"soy lactosefree, fresh vegetables, fresh herbs",fresh fruits,"soy lactosefree, fresh vegetables, fresh herbs → fresh fruits"
"frozenset({'soy lactosefree', 'fresh herbs'})","frozenset({'fresh fruits', 'fresh vegetables'})",0.01792,0.32152,0.01384,0.7723214285714286,2.40209451533786,1.0,0.0080783616,2.9799905882352946,0.5943473519457111,0.0425061425061425,0.6644284703623227,0.4076834811431415,"soy lactosefree, fresh herbs","fresh fruits, fresh vegetables","soy lactosefree, fresh herbs → fresh fruits, fresh vegetables"
"frozenset({'fresh fruits', 'yogurt', 'fresh herbs'})",frozenset({'fresh vegetables'}),0.01868,0.44933,0.01665,0.8913276231263385,1.9836815327851207,1.0,0.0082565156,5.067249064039417,0.5053263184514969,0.0368885147110953,0.8026542632181497,0.4641913970793823,"fresh fruits, yogurt, fresh herbs",fresh vegetables,"fresh fruits, yogurt, fresh herbs → fresh vegetables"
"frozenset({'yogurt', 'fresh vegetables', 'fresh herbs'})",frozenset({'fresh fruits'}),0.01908,0.57912,0.01665,0.8726415094339623,1.5068405674712708,1.0,0.0056003904,3.30468740740741,0.3429023608283895,0.0286303843177714,0.6973995187083311,0.4506960137306571,"yogurt, fresh vegetables, fresh herbs",fresh fruits,"yogurt, fresh vegetables, fresh herbs → fresh fruits"
"frozenset({'yogurt', 'fresh herbs'})","frozenset({'fresh fruits', 'fresh vegetables'})",0.02183,0.32152,0.01665,0.7627118644067797,2.3722065949451974,1.0,0.0096312184,2.8593085714285724,0.5913609654309125,0.0509641873278237,0.6502650990549166,0.4072485671872167,"yogurt, fresh herbs","fresh fruits, fresh vegetables","yogurt, fresh herbs → fresh fruits, fresh vegetables"
"frozenset({'fresh fruits', 'fresh herbs', 'milk'})",frozenset({'packaged vegetables fruits'}),0.0187,0.3423,0.01195,0.6390374331550802,1.8668928809672225,1.0,0.00554899,1.8220725925925925,0.473199457469747,0.0342357828391347,0.4511744460317474,0.3369741650145836,"fresh fruits, fresh herbs, milk",packaged vegetables fruits,"fresh fruits, fresh herbs, milk → packaged vegetables fruits"
"frozenset({'fresh fruits', 'packaged vegetables fruits', 'fresh herbs'})",frozenset({'milk'}),0.03969,0.23003,0.01195,0.3010833963214915,1.3088875204168653,1.0,0.0028201093,1.1016621953857246,0.2457460716246222,0.0463591573883694,0.0922807334331097,0.1765165710034184,"fresh fruits, packaged vegetables fruits, fresh herbs",milk,"fresh fruits, packaged vegetables fruits, fresh herbs → milk"
"frozenset({'packaged vegetables fruits', 'fresh herbs', 'milk'})",frozenset({'fresh fruits'}),0.01341,0.57912,0.01195,0.8911260253542133,1.538758850245568,1.0,0.0041840008,3.86575397260274,0.3548845923414581,0.0205828654104516,0.7413182506990431,0.4558803907680032,"packaged vegetables fruits, fresh herbs, milk",fresh fruits,"packaged vegetables fruits, fresh herbs, milk → fresh fruits"
"frozenset({'fresh herbs', 'milk'})","frozenset({'fresh fruits', 'packaged vegetables fruits'})",0.02259,0.2571,0.01195,0.5289951305887561,2.057546209991272,1.0,0.006142111,1.5772660714285716,0.5258634391917604,0.0446328527676103,0.3659915608948124,0.2877375497362295,"fresh herbs, milk","fresh fruits, packaged vegetables fruits","fresh herbs, milk → fresh fruits, packaged vegetables fruits"
"frozenset({'fresh fruits', 'packaged vegetables fruits', 'fresh herbs'})",frozenset({'packaged cheese'}),0.03969,0.16892,0.01213,0.3056185437137818,1.8092501995843109,1.0,0.0054255652,1.1968637590711175,0.4657713108116889,0.0617365635179153,0.1644830145278213,0.1887138420676415,"fresh fruits, packaged vegetables fruits, fresh herbs",packaged cheese,"fresh fruits, packaged vegetables fruits, fresh herbs → packaged cheese"
"frozenset({'fresh fruits', 'packaged cheese', 'fresh herbs'})",frozenset({'packaged vegetables fruits'}),0.01786,0.3423,0.01213,0.6791713325867861,1.9841406152111776,1.0,0.006016522,2.050003839441535,0.5050231764205663,0.0348533172427664,0.5121960355584402,0.3573040419872288,"fresh fruits, packaged cheese, fresh herbs",packaged vegetables fruits,"fresh fruits, packaged cheese, fresh herbs → packaged vegetables fruits"
"frozenset({'packaged vegetables fruits', 'packaged cheese', 'fresh herbs'})",frozenset({'fresh fruits'}),0.01365,0.57912,0.01213,0.8886446886446886,1.5344741826300052,1.0,0.004225012,3.779613157894736,0.3531312055058557,0.0208907412510333,0.7354226588212521,0.454795130618794,"packaged vegetables fruits, packaged cheese, fresh herbs",fresh fruits,"packaged vegetables fruits, packaged cheese, fresh herbs → fresh fruits"
"frozenset({'packaged cheese', 'fresh herbs'})","frozenset({'fresh fruits', 'packaged vegetables fruits'})",0.02158,0.2571,0.01213,0.5620945319740501,2.186287561159277,1.0,0.006581782,1.696484867724868,0.5545712754953462,0.0455074094916526,0.4105458769337059,0.3046373087719337,"packaged cheese, fresh herbs","fresh fruits, packaged vegetables fruits","packaged cheese, fresh herbs → fresh fruits, packaged vegetables fruits"
"frozenset({'fresh fruits', 'soy lactosefree', 'fresh herbs'})",frozenset({'packaged vegetables fruits'}),0.0152,0.3423,0.01034,0.6802631578947369,1.987330288912465,1.0,0.00513704,2.057004115226338,0.504480482443391,0.0297845373891001,0.5138561014060163,0.3552352891431032,"fresh fruits, soy lactosefree, fresh herbs",packaged vegetables fruits,"fresh fruits, soy lactosefree, fresh herbs → packaged vegetables fruits"
"frozenset({'packaged vegetables fruits', 'soy lactosefree', 'fresh herbs'})",frozenset({'fresh fruits'}),0.01154,0.57912,0.01034,0.8960138648180243,1.5471989653578262,1.0,0.0036569552,4.047462666666666,0.3577997244879018,0.0178177557209815,0.7529316309114813,0.4569342704391267,"packaged vegetables fruits, soy lactosefree, fresh herbs",fresh fruits,"packaged vegetables fruits, soy lactosefree, fresh herbs → fresh fruits"
"frozenset({'soy lactosefree', 'fresh herbs'})","frozenset({'fresh fruits', 'packaged vegetables fruits'})",0.01792,0.2571,0.01034,0.5770089285714286,2.2442976607212315,1.0,0.005732768,1.7563018469656992,0.5645429146396266,0.0390660420129968,0.4306217910505163,0.3086133713257765,"soy lactosefree, fresh herbs","fresh fruits, packaged vegetables fruits","soy lactosefree, fresh herbs → fresh fruits, packaged vegetables fruits"
"frozenset({'fresh fruits', 'yogurt', 'fresh herbs'})",frozenset({'packaged vegetables fruits'}),0.01868,0.3423,0.01223,0.654710920770878,1.912681626558218,1.0,0.005835836,1.9047807751937984,0.486257117792748,0.0350681003584229,0.4750052011112635,0.3452199067774927,"fresh fruits, yogurt, fresh herbs",packaged vegetables fruits,"fresh fruits, yogurt, fresh herbs → packaged vegetables fruits"
"frozenset({'fresh fruits', 'packaged vegetables fruits', 'fresh herbs'})",frozenset({'yogurt'}),0.03969,0.20368,0.01223,0.3081380700428319,1.5128538395661424,1.0,0.0041459407999999,1.1509810924981791,0.353008520611526,0.0529116552738599,0.1311759971403856,0.184091619467606,"fresh fruits, packaged vegetables fruits, fresh herbs",yogurt,"fresh fruits, packaged vegetables fruits, fresh herbs → yogurt"
"frozenset({'yogurt', 'packaged vegetables fruits', 'fresh herbs'})",frozenset({'fresh fruits'}),0.01348,0.57912,0.01223,0.9072700296735904,1.566635636264661,1.0,0.0044234624,4.538769919999995,0.3666316799185647,0.0210727639264607,0.7796759876297054,0.464194139025219,"yogurt, packaged vegetables fruits, fresh herbs",fresh fruits,"yogurt, packaged vegetables fruits, fresh herbs → fresh fruits"
"frozenset({'yogurt', 'fresh herbs'})","frozenset({'fresh fruits', 'packaged vegetables fruits'})",0.02183,0.2571,0.01223,0.5602382043060009,2.1790673057409604,1.0,0.006617507,1.6893236458333334,0.5531636240554025,0.045856767904012,0.4080471184627822,0.303903621795163,"yogurt, fresh herbs","fresh fruits, packaged vegetables fruits","yogurt, fresh herbs → fresh fruits, packaged vegetables fruits"
"frozenset({'fresh fruits', 'frozen breakfast', 'packaged vegetables fruits'})",frozenset({'fresh vegetables'}),0.01424,0.44933,0.01031,0.7240168539325843,1.6113254265964532,1.0,0.0039115408,1.9953030025445293,0.3848734987187482,0.0227463266116577,0.4988229864212401,0.3734810640036589,"fresh fruits, frozen breakfast, packaged vegetables fruits",fresh vegetables,"fresh fruits, frozen breakfast, packaged vegetables fruits → fresh vegetables"
"frozenset({'fresh fruits', 'frozen breakfast', 'fresh vegetables'})",frozenset({'packaged vegetables fruits'}),0.01632,0.3423,0.01031,0.6317401960784313,1.845574630670264,1.0,0.004723664,1.7859673876871878,0.4657646150846213,0.0296000689041371,0.4400793615302286,0.330929987025485,"fresh fruits, frozen breakfast, fresh vegetables",packaged vegetables fruits,"fresh fruits, frozen breakfast, fresh vegetables → packaged vegetables fruits"
"frozenset({'frozen breakfast', 'packaged vegetables fruits', 'fresh vegetables'})",frozenset({'fresh fruits'}),0.01162,0.57912,0.01031,0.887263339070568,1.532088926423829,1.0,0.0035806256,3.7333019847328246,0.351379401094648,0.017762693175749,0.7321406079418551,0.4525331061978064,"frozen breakfast, packaged vegetables fruits, fresh vegetables",fresh fruits,"frozen breakfast, packaged vegetables fruits, fresh vegetables → fresh fruits"
"frozenset({'fresh fruits', 'frozen breakfast'})","frozenset({'packaged vegetables fruits', 'fresh vegetables'})",0.02504,0.21588,0.01031,0.4117412140575079,1.90726891818375,1.0,0.0049043648,1.3329507671418874,0.4879072857285318,0.0447075148519144,0.2497847447552772,0.2297496138844145,"fresh fruits, frozen breakfast","packaged vegetables fruits, fresh vegetables","fresh fruits, frozen breakfast → packaged vegetables fruits, fresh vegetables"
"frozenset({'frozen breakfast', 'packaged vegetables fruits'})","frozenset({'fresh fruits', 'fresh vegetables'})",0.01673,0.32152,0.01031,0.616258218768679,1.916702596319604,1.0,0.0049309704,1.7680639252336448,0.4864082600450642,0.0314386778069159,0.4344095902144191,0.324162326602553,"frozen breakfast, packaged vegetables fruits","fresh fruits, fresh vegetables","frozen breakfast, packaged vegetables fruits → fresh fruits, fresh vegetables"
"frozenset({'frozen breakfast', 'fresh vegetables'})","frozenset({'fresh fruits', 'packaged vegetables fruits'})",0.0196,0.2571,0.01031,0.5260204081632653,2.0459759166210243,1.0,0.00527084,1.567367061356297,0.5214562357215982,0.0387026540035286,0.3619873578722107,0.2830607680645187,"frozen breakfast, fresh vegetables","fresh fruits, packaged vegetables fruits","frozen breakfast, fresh vegetables → fresh fruits, packaged vegetables fruits"
frozenset({'frozen breakfast'}),"frozenset({'fresh fruits', 'packaged vegetables fruits', 'fresh vegetables'})",0.03393,0.17477,0.01031,0.3038608900677866,1.7386330037637272,1.0,0.0043800538999999,1.1854383530906012,0.43975642532706,0.0519683451786884,0.1564301953004454,0.1814263539427449,frozen breakfast,"fresh fruits, packaged vegetables fruits, fresh vegetables","frozen breakfast → fresh fruits, packaged vegetables fruits, fresh vegetables"
"frozenset({'fresh fruits', 'frozen produce', 'fresh vegetables'})",frozenset({'milk'}),0.05072,0.23003,0.01578,0.3111198738170346,1.3525186880712716,1.0,0.0041128783999999,1.1177126044647967,0.2745645983016518,0.0595539117635958,0.1053156276439791,0.1898598108380048,"fresh fruits, frozen produce, fresh vegetables",milk,"fresh fruits, frozen produce, fresh vegetables → milk"
"frozenset({'fresh fruits', 'frozen produce', 'milk'})",frozenset({'fresh vegetables'}),0.02192,0.44933,0.01578,0.7198905109489051,1.6021421025725082,1.0,0.0059306863999999,1.9659098371335504,0.3842585883063728,0.0346455309899664,0.4913296728510816,0.3775047329186472,"fresh fruits, frozen produce, milk",fresh vegetables,"fresh fruits, frozen produce, milk → fresh vegetables"
"frozenset({'frozen produce', 'fresh vegetables', 'milk'})",frozenset({'fresh fruits'}),0.01788,0.57912,0.01578,0.8825503355704697,1.5239507106825352,1.0,0.0054253343999999,3.5834925714285686,0.3500700509908029,0.0271497883761742,0.720942633459584,0.4548992871387367,"frozen produce, fresh vegetables, milk",fresh fruits,"frozen produce, fresh vegetables, milk → fresh fruits"
"frozenset({'frozen produce', 'milk'})","frozenset({'fresh fruits', 'fresh vegetables'})",0.0263,0.32152,0.01578,0.6,1.8661358546902216,1.0,0.007324024,1.6962,0.4766697476977851,0.0475243946512468,0.4104468812640019,0.3245396864891764,"frozen produce, milk","fresh fruits, fresh vegetables","frozen produce, milk → fresh fruits, fresh vegetables"
"frozenset({'fresh fruits', 'frozen produce', 'packaged cheese'})",frozenset({'fresh vegetables'}),0.02021,0.44933,0.01572,0.7778327560613558,1.7310946432718843,1.0,0.0066390407,2.478628218262807,0.431042196116855,0.0346392842977391,0.5965510306741892,0.4064090894009403,"fresh fruits, frozen produce, packaged cheese",fresh vegetables,"fresh fruits, frozen produce, packaged cheese → fresh vegetables"
"frozenset({'fresh fruits', 'frozen produce', 'fresh vegetables'})",frozenset({'packaged cheese'}),0.05072,0.16892,0.01572,0.3099369085173502,1.8348147556082768,1.0,0.0071523776,1.2043536457142858,0.4792957319413691,0.0770890545311887,0.1696791025140181,0.201499356460901,"fresh fruits, frozen produce, fresh vegetables",packaged cheese,"fresh fruits, frozen produce, fresh vegetables → packaged cheese"
"frozenset({'frozen produce', 'packaged cheese', 'fresh vegetables'})",frozenset({'fresh fruits'}),0.01807,0.57912,0.01572,0.869950193691201,1.50219331691394,1.0,0.0052553016,3.236298553191492,0.3404588082218203,0.0270349287151529,0.6910050220756533,0.4485474134639179,"frozen produce, packaged cheese, fresh vegetables",fresh fruits,"frozen produce, packaged cheese, fresh vegetables → fresh fruits"
"frozenset({'frozen produce', 'packaged cheese'})","frozenset({'fresh fruits', 'fresh vegetables'})",0.02423,0.32152,0.01572,0.6487825010317788,2.0178604784516634,1.0,0.0079295704,1.9317944065804933,0.5169513286577541,0.0476320334515044,0.4823465703215701,0.3488376302123313,"frozen produce, packaged cheese","fresh fruits, fresh vegetables","frozen produce, packaged cheese → fresh fruits, fresh vegetables"
"frozenset({'fresh fruits', 'frozen produce', 'packaged vegetables fruits'})",frozenset({'fresh vegetables'}),0.04345,0.44933,0.03329,0.7661680092059838,1.7051343315736402,1.0,0.0137666114999999,2.354981446850393,0.4323202568859353,0.0724498900955407,0.5753682045616864,0.4201280479564293,"fresh fruits, frozen produce, packaged vegetables fruits",fresh vegetables,"fresh fruits, frozen produce, packaged vegetables fruits → fresh vegetables"
"frozenset({'fresh fruits', 'frozen produce', 'fresh vegetables'})",frozenset({'packaged vegetables fruits'}),0.05072,0.3423,0.03329,0.6563485804416404,1.9174659083892505,1.0,0.015928544,1.913857946069994,0.5040434243262238,0.0925416284435548,0.4774951808448234,0.3768012256575715,"fresh fruits, frozen produce, fresh vegetables",packaged vegetables fruits,"fresh fruits, frozen produce, fresh vegetables → packaged vegetables fruits"
"frozenset({'frozen produce', 'packaged vegetables fruits', 'fresh vegetables'})",frozenset({'fresh fruits'}),0.03825,0.57912,0.03329,0.8703267973856209,1.5028436202956572,1.0,0.01113866,3.2456975806451616,0.3479020256877221,0.0569956170387618,0.6918998227181641,0.4639052829309649,"frozen produce, packaged vegetables fruits, fresh vegetables",fresh fruits,"frozen produce, packaged vegetables fruits, fresh vegetables → fresh fruits"
"frozenset({'fresh fruits', 'frozen produce'})","frozenset({'packaged vegetables fruits', 'fresh vegetables'})",0.07335,0.21588,0.03329,0.4538513974096796,2.102331839029459,1.0,0.017455202,1.4357264603095357,0.5658422263084352,0.130069547550207,0.3034884933552002,0.3040287189012452,"fresh fruits, frozen produce","packaged vegetables fruits, fresh vegetables","fresh fruits, frozen produce → packaged vegetables fruits, fresh vegetables"
"frozenset({'frozen produce', 'packaged vegetables fruits'})","frozenset({'fresh fruits', 'fresh vegetables'})",0.05172,0.32152,0.03329,0.6436581593194122,2.001922615449777,1.0,0.0166609856,1.9040144112859465,0.5277768088011188,0.0979261656125901,0.4747938912265833,0.3735987984952373,"frozen produce, packaged vegetables fruits","fresh fruits, fresh vegetables","frozen produce, packaged vegetables fruits → fresh fruits, fresh vegetables"
"frozenset({'frozen produce', 'fresh vegetables'})","frozenset({'fresh fruits', 'packaged vegetables fruits'})",0.06178,0.2571,0.03329,0.5388475234703788,2.095867458072263,1.0,0.017406362,1.6109639171639172,0.5573006243410928,0.1165657060821457,0.3792536323467206,0.3341651075150416,"frozen produce, fresh vegetables","fresh fruits, packaged vegetables fruits","frozen produce, fresh vegetables → fresh fruits, packaged vegetables fruits"
frozenset({'frozen produce'}),"frozenset({'fresh fruits', 'packaged vegetables fruits', 'fresh vegetables'})",0.09652,0.17477,0.03329,0.3449026108578533,1.9734657599007457,1.0,0.0164211996,1.259705829511308,0.5459747292944501,0.1398739495798319,0.2061638705062265,0.2676907630017366,frozen produce,"fresh fruits, packaged vegetables fruits, fresh vegetables","frozen produce → fresh fruits, packaged vegetables fruits, fresh vegetables"
"frozenset({'fresh fruits', 'frozen produce', 'soy lactosefree'})",frozenset({'fresh vegetables'}),0.01981,0.44933,0.01484,0.7491166077738516,1.6671858272847386,1.0,0.0059387727,2.194924084507042,0.4082747626711571,0.0326656394453004,0.5444033772928462,0.3910717795061811,"fresh fruits, frozen produce, soy lactosefree",fresh vegetables,"fresh fruits, frozen produce, soy lactosefree → fresh vegetables"
"frozenset({'frozen produce', 'soy lactosefree', 'fresh vegetables'})",frozenset({'fresh fruits'}),0.01726,0.57912,0.01484,0.8597914252607184,1.4846515838871364,1.0,0.0048443888,3.001813553719008,0.3321746278777083,0.0255184510093888,0.6668680508950732,0.4427082557993052,"frozen produce, soy lactosefree, fresh vegetables",fresh fruits,"frozen produce, soy lactosefree, fresh vegetables → fresh fruits"
"frozenset({'frozen produce', 'soy lactosefree'})","frozenset({'fresh fruits', 'fresh vegetables'})",0.02421,0.32152,0.01484,0.6129698471705908,1.9064750160817083,1.0,0.0070560008,1.753041707577375,0.4872685229624852,0.044848741273535,0.4295629158863795,0.3295628036549645,"frozen produce, soy lactosefree","fresh fruits, fresh vegetables","frozen produce, soy lactosefree → fresh fruits, fresh vegetables"
"frozenset({'fresh fruits', 'yogurt', 'frozen produce'})",frozenset({'fresh vegetables'}),0.024,0.44933,0.01754,0.7308333333333333,1.6264957455174,1.0,0.0067560799999999,2.045832817337461,0.3946529711946464,0.0384826345466113,0.5112015060441523,0.3849346156128754,"fresh fruits, yogurt, frozen produce",fresh vegetables,"fresh fruits, yogurt, frozen produce → fresh vegetables"
"frozenset({'fresh fruits', 'frozen produce', 'fresh vegetables'})",frozenset({'yogurt'}),0.05072,0.20368,0.01754,0.3458201892744479,1.697860316547761,1.0,0.0072093504,1.21728,0.4329843649371613,0.0740521827239719,0.1784963196635121,0.2159678322648752,"fresh fruits, frozen produce, fresh vegetables",yogurt,"fresh fruits, frozen produce, fresh vegetables → yogurt"
"frozenset({'yogurt', 'frozen produce', 'fresh vegetables'})",frozenset({'fresh fruits'}),0.01969,0.57912,0.01754,0.8908075165058406,1.5382088625946964,1.0,0.0061371272,3.8544777674418618,0.3569210014280383,0.0301753057959296,0.740561481908954,0.460547424505165,"yogurt, frozen produce, fresh vegetables",fresh fruits,"yogurt, frozen produce, fresh vegetables → fresh fruits"
"frozenset({'yogurt', 'frozen produce'})","frozenset({'fresh fruits', 'fresh vegetables'})",0.02816,0.32152,0.01754,0.6228693181818181,1.9372646124092376,1.0,0.0084859968,1.7990580790960449,0.4978270655830091,0.0528090564219907,0.4441535759076438,0.3387113448336311,"yogurt, frozen produce","fresh fruits, fresh vegetables","yogurt, frozen produce → fresh fruits, fresh vegetables"
"frozenset({'fresh fruits', 'packaged vegetables fruits', 'hot dogs bacon sausage'})",frozenset({'fresh vegetables'}),0.02125,0.44933,0.0161,0.7576470588235293,1.6861706514666934,1.0,0.0065517374999999,2.2721820388349507,0.4157754456105279,0.0354251012145749,0.5598944173888706,0.3967390925835983,"fresh fruits, packaged vegetables fruits, hot dogs bacon sausage",fresh vegetables,"fresh fruits, packaged vegetables fruits, hot dogs bacon sausage → fresh vegetables"
"frozenset({'fresh fruits', 'hot dogs bacon sausage', 'fresh vegetables'})",frozenset({'packaged vegetables fruits'}),0.02627,0.3423,0.0161,0.6128663875142748,1.7904364227703031,1.0,0.007107779,1.6988966568338246,0.4533874446938464,0.0456776463245098,0.4113826782944729,0.3299505761702253,"fresh fruits, hot dogs bacon sausage, fresh vegetables",packaged vegetables fruits,"fresh fruits, hot dogs bacon sausage, fresh vegetables → packaged vegetables fruits"
"frozenset({'hot dogs bacon sausage', 'packaged vegetables fruits', 'fresh vegetables'})",frozenset({'fresh fruits'}),0.01862,0.57912,0.0161,0.8646616541353382,1.493061289776451,1.0,0.0053167856,3.109835555555553,0.3365007748627265,0.027680352107833,0.6784395888028375,0.4462312276754879,"hot dogs bacon sausage, packaged vegetables fruits, fresh vegetables",fresh fruits,"hot dogs bacon sausage, packaged vegetables fruits, fresh vegetables → fresh fruits"
"frozenset({'fresh fruits', 'hot dogs bacon sausage'})","frozenset({'packaged vegetables fruits', 'fresh vegetables'})",0.03834,0.21588,0.0161,0.4199269692227438,1.9451869984377608,1.0,0.0078231608,1.3517608273381296,0.5052831652513906,0.0676129682513018,0.2602241611267967,0.2472527193714238,"fresh fruits, hot dogs bacon sausage","packaged vegetables fruits, fresh vegetables","fresh fruits, hot dogs bacon sausage → packaged vegetables fruits, fresh vegetables"
"frozenset({'hot dogs bacon sausage', 'packaged vegetables fruits'})","frozenset({'fresh fruits', 'fresh vegetables'})",0.02558,0.32152,0.0161,0.6293979671618453,1.957570188983097,1.0,0.0078755184,1.8307508860759496,0.5020038931265499,0.0486404833836858,0.4537760393259127,0.3397363062980164,"hot dogs bacon sausage, packaged vegetables fruits","fresh fruits, fresh vegetables","hot dogs bacon sausage, packaged vegetables fruits → fresh fruits, fresh vegetables"
"frozenset({'hot dogs bacon sausage', 'fresh vegetables'})","frozenset({'fresh fruits', 'packaged vegetables fruits'})",0.03311,0.2571,0.0161,0.4862579281183932,1.8913182735060023,1.0,0.007587419,1.446056378600823,0.4874062828962603,0.0587355441246215,0.3084640303114729,0.2744397380770885,"hot dogs bacon sausage, fresh vegetables","fresh fruits, packaged vegetables fruits","hot dogs bacon sausage, fresh vegetables → fresh fruits, packaged vegetables fruits"
"frozenset({'fresh fruits', 'packaged vegetables fruits', 'juice nectars'})",frozenset({'fresh vegetables'}),0.0158,0.44933,0.0114,0.7215189873417721,1.6057663350806135,1.0,0.0043005859999999,1.9774059090909089,0.3833005344085676,0.0251250743834439,0.4942869365350792,0.3734450477180229,"fresh fruits, packaged vegetables fruits, juice nectars",fresh vegetables,"fresh fruits, packaged vegetables fruits, juice nectars → fresh vegetables"
"frozenset({'fresh fruits', 'fresh vegetables', 'juice nectars'})",frozenset({'packaged vegetables fruits'}),0.01859,0.3423,0.0114,0.6132329209252286,1.791507218595468,1.0,0.005036643,1.700506675938804,0.4501796287725663,0.0326189590546224,0.411939974038663,0.3232685200594591,"fresh fruits, fresh vegetables, juice nectars",packaged vegetables fruits,"fresh fruits, fresh vegetables, juice nectars → packaged vegetables fruits"
"frozenset({'juice nectars', 'packaged vegetables fruits', 'fresh vegetables'})",frozenset({'fresh fruits'}),0.01317,0.57912,0.0114,0.8656036446469249,1.4946878792770495,1.0,0.0037729896,3.1316325423728824,0.3353809673398661,0.0196250581005009,0.6806777339073485,0.4426443420085018,"juice nectars, packaged vegetables fruits, fresh vegetables",fresh fruits,"juice nectars, packaged vegetables fruits, fresh vegetables → fresh fruits"
"frozenset({'fresh fruits', 'juice nectars'})","frozenset({'packaged vegetables fruits', 'fresh vegetables'})",0.03115,0.21588,0.0114,0.3659711075441412,1.6952524900136243,1.0,0.004675338,1.2367259746835442,0.4233032651298474,0.0483809362135551,0.191413441238766,0.2093891113040328,"fresh fruits, juice nectars","packaged vegetables fruits, fresh vegetables","fresh fruits, juice nectars → packaged vegetables fruits, fresh vegetables"
"frozenset({'juice nectars', 'packaged vegetables fruits'})","frozenset({'fresh fruits', 'fresh vegetables'})",0.01918,0.32152,0.0114,0.59436913451512,1.8486225880664344,1.0,0.0052332464,1.6726537789203086,0.4680335859325728,0.0346188885514728,0.4021476454945171,0.3149128578771171,"juice nectars, packaged vegetables fruits","fresh fruits, fresh vegetables","juice nectars, packaged vegetables fruits → fresh fruits, fresh vegetables"
"frozenset({'juice nectars', 'fresh vegetables'})","frozenset({'fresh fruits', 'packaged vegetables fruits'})",0.02332,0.2571,0.0114,0.4888507718696398,1.901403235587864,1.0,0.005404428,1.453391610738255,0.485391972374726,0.0423760315218199,0.311954195544003,0.2665957476617744,"juice nectars, fresh vegetables","fresh fruits, packaged vegetables fruits","juice nectars, fresh vegetables → fresh fruits, packaged vegetables fruits"
"frozenset({'fresh fruits', 'fresh vegetables', 'lunch meat'})",frozenset({'milk'}),0.03711,0.23003,0.01407,0.3791430881164107,1.6482332222597516,1.0,0.0055335866999999,1.2401730338541666,0.4084472204887998,0.0555972655786936,0.1936609064202639,0.220154511497235,"fresh fruits, fresh vegetables, lunch meat",milk,"fresh fruits, fresh vegetables, lunch meat → milk"
"frozenset({'fresh fruits', 'milk', 'lunch meat'})",frozenset({'fresh vegetables'}),0.02028,0.44933,0.01407,0.6937869822485206,1.5440477650023827,1.0,0.0049575875999999,1.7983232850241542,0.3596452474084888,0.0308864205119199,0.4439264573129472,0.3625501354613845,"fresh fruits, milk, lunch meat",fresh vegetables,"fresh fruits, milk, lunch meat → fresh vegetables"
"frozenset({'milk', 'fresh vegetables', 'lunch meat'})",frozenset({'fresh fruits'}),0.01598,0.57912,0.01407,0.8804755944931163,1.5203681352623228,1.0,0.0048156623999999,3.5212892146596837,0.3478227707767999,0.0242156170937817,0.7160131022930915,0.4523855386473041,"milk, fresh vegetables, lunch meat",fresh fruits,"milk, fresh vegetables, lunch meat → fresh fruits"
"frozenset({'fresh vegetables', 'lunch meat'})","frozenset({'fresh fruits', 'milk'})",0.0448,0.15639,0.01407,0.3140624999999999,2.0082006522156144,1.0,0.0070637279999999,1.2298642369020498,0.5255881397034925,0.075192389910218,0.1869021230189305,0.2020149446096297,"fresh vegetables, lunch meat","fresh fruits, milk","fresh vegetables, lunch meat → fresh fruits, milk"
"frozenset({'milk', 'lunch meat'})","frozenset({'fresh fruits', 'fresh vegetables'})",0.02487,0.32152,0.01407,0.5657418576598311,1.7595852751301044,1.0,0.0060737976,1.5623886666666664,0.4426940658089938,0.0423387096774193,0.3599543946171311,0.3047513717261584,"milk, lunch meat","fresh fruits, fresh vegetables","milk, lunch meat → fresh fruits, fresh vegetables"
"frozenset({'fresh fruits', 'packaged cheese', 'lunch meat'})",frozenset({'fresh vegetables'}),0.02023,0.44933,0.01497,0.7399901136925359,1.646874487998878,1.0,0.0058800541,2.117881007604563,0.4008993794836953,0.0329307727842671,0.5278299411490291,0.3866531922923766,"fresh fruits, packaged cheese, lunch meat",fresh vegetables,"fresh fruits, packaged cheese, lunch meat → fresh vegetables"
"frozenset({'fresh fruits', 'fresh vegetables', 'lunch meat'})",frozenset({'packaged cheese'}),0.03711,0.16892,0.01497,0.4033953112368634,2.388084958778496,1.0,0.0087013788,1.39301620596206,0.6036561069880417,0.0783523500471056,0.2821332618242088,0.2460085720285667,"fresh fruits, fresh vegetables, lunch meat",packaged cheese,"fresh fruits, fresh vegetables, lunch meat → packaged cheese"
"frozenset({'packaged cheese', 'fresh vegetables', 'lunch meat'})",frozenset({'fresh fruits'}),0.01732,0.57912,0.01497,0.8643187066974597,1.4924691025995644,1.0,0.0049396416,3.101975148936173,0.3357851780411885,0.025745094329888,0.6776247545558347,0.4450841357772421,"packaged cheese, fresh vegetables, lunch meat",fresh fruits,"packaged cheese, fresh vegetables, lunch meat → fresh fruits"
"frozenset({'packaged cheese', 'lunch meat'})","frozenset({'fresh fruits', 'fresh vegetables'})",0.02522,0.32152,0.01497,0.5935765265662173,1.8461573978795016,1.0,0.0068612656,1.6693917658536586,0.4701926336378483,0.0451216203996744,0.4009794342739908,0.3200683080703692,"packaged cheese, lunch meat","fresh fruits, fresh vegetables","packaged cheese, lunch meat → fresh fruits, fresh vegetables"
"frozenset({'fresh vegetables', 'lunch meat'})","frozenset({'fresh fruits', 'packaged cheese'})",0.0448,0.1199,0.01497,0.3341517857142857,2.7869206481591804,1.0,0.00959848,1.321772712034864,0.671253170774827,0.0999799639350831,0.2434402746441151,0.2295029153759085,"fresh vegetables, lunch meat","fresh fruits, packaged cheese","fresh vegetables, lunch meat → fresh fruits, packaged cheese"
"frozenset({'fresh fruits', 'packaged vegetables fruits', 'lunch meat'})",frozenset({'fresh vegetables'}),0.03204,0.44933,0.02398,0.7484394506866417,1.6656787899464576,1.0,0.0095834668,2.189015732009926,0.4128725912860218,0.0524279061632305,0.5431736805830021,0.4009038995582631,"fresh fruits, packaged vegetables fruits, lunch meat",fresh vegetables,"fresh fruits, packaged vegetables fruits, lunch meat → fresh vegetables"
"frozenset({'fresh fruits', 'fresh vegetables', 'lunch meat'})",frozenset({'packaged vegetables fruits'}),0.03711,0.3423,0.02398,0.6461870115871734,1.8877797592380177,1.0,0.011277247,1.858891622239148,0.4884017793563513,0.0674675744872408,0.4620450229392936,0.3581212592262481,"fresh fruits, fresh vegetables, lunch meat",packaged vegetables fruits,"fresh fruits, fresh vegetables, lunch meat → packaged vegetables fruits"
"frozenset({'packaged vegetables fruits', 'fresh vegetables', 'lunch meat'})",frozenset({'fresh fruits'}),0.02705,0.57912,0.02398,0.8865064695009243,1.5307819959609827,1.0,0.008314804,3.708405211726386,0.3563791725473474,0.0411893024613957,0.7303423054099132,0.4639570612458344,"packaged vegetables fruits, fresh vegetables, lunch meat",fresh fruits,"packaged vegetables fruits, fresh vegetables, lunch meat → fresh fruits"
"frozenset({'fresh fruits', 'lunch meat'})","frozenset({'packaged vegetables fruits', 'fresh vegetables'})",0.05589,0.21588,0.02398,0.4290570764000715,1.9874795089868056,1.0,0.0119144668,1.3733772109056723,0.5262629973894863,0.0967754953791517,0.2718679237872667,0.270068653078672,"fresh fruits, lunch meat","packaged vegetables fruits, fresh vegetables","fresh fruits, lunch meat → packaged vegetables fruits, fresh vegetables"
"frozenset({'packaged vegetables fruits', 'lunch meat'})","frozenset({'fresh fruits', 'fresh vegetables'})",0.03777,0.32152,0.02398,0.6348954196452211,1.974668510964236,1.0,0.0118361896,1.8583168672951416,0.5129604026482236,0.0715159106498464,0.4618786399676057,0.3547393246521702,"packaged vegetables fruits, lunch meat","fresh fruits, fresh vegetables","packaged vegetables fruits, lunch meat → fresh fruits, fresh vegetables"
"frozenset({'fresh vegetables', 'lunch meat'})","frozenset({'fresh fruits', 'packaged vegetables fruits'})",0.0448,0.2571,0.02398,0.5352678571428572,2.0819442129243764,1.0,0.01246192,1.5985552353506245,0.5440533219335487,0.0862838226827864,0.3744351287425726,0.3142694789409346,"fresh vegetables, lunch meat","fresh fruits, packaged vegetables fruits","fresh vegetables, lunch meat → fresh fruits, packaged vegetables fruits"
frozenset({'lunch meat'}),"frozenset({'fresh fruits', 'packaged vegetables fruits', 'fresh vegetables'})",0.07633,0.17477,0.02398,0.3141621904886676,1.7975750442791534,1.0,0.0106398059,1.2032436657115568,0.480360942392539,0.1055829517435716,0.168913139959366,0.2256855468092477,lunch meat,"fresh fruits, packaged vegetables fruits, fresh vegetables","lunch meat → fresh fruits, packaged vegetables fruits, fresh vegetables"
"frozenset({'fresh fruits', 'yogurt', 'lunch meat'})",frozenset({'fresh vegetables'}),0.01992,0.44933,0.01443,0.7243975903614458,1.6121727691483894,1.0,0.0054793464,1.9980594535519127,0.3874368268295294,0.0317268369904577,0.4995143922157477,0.3782560359614408,"fresh fruits, yogurt, lunch meat",fresh vegetables,"fresh fruits, yogurt, lunch meat → fresh vegetables"
"frozenset({'fresh fruits', 'fresh vegetables', 'lunch meat'})",frozenset({'yogurt'}),0.03711,0.20368,0.01443,0.3888439773645918,1.9090925832904155,1.0,0.0068714352,1.302973333333333,0.4945434427098999,0.0637480120162573,0.2325245847958004,0.2298452015652495,"fresh fruits, fresh vegetables, lunch meat",yogurt,"fresh fruits, fresh vegetables, lunch meat → yogurt"
"frozenset({'yogurt', 'fresh vegetables', 'lunch meat'})",frozenset({'fresh fruits'}),0.01597,0.57912,0.01443,0.9035691922354414,1.560245186205694,1.0,0.0051814536,4.364580259740258,0.3649025878835946,0.0248510315847483,0.7708828935455271,0.4642431539295731,"yogurt, fresh vegetables, lunch meat",fresh fruits,"yogurt, fresh vegetables, lunch meat → fresh fruits"
"frozenset({'yogurt', 'lunch meat'})","frozenset({'fresh fruits', 'fresh vegetables'})",0.02368,0.32152,0.01443,0.609375,1.8952942274197564,1.0,0.0068164064,1.7369088,0.4838346401768231,0.0436254799407443,0.4242645324843769,0.3271277836526499,"yogurt, lunch meat","fresh fruits, fresh vegetables","yogurt, lunch meat → fresh fruits, fresh vegetables"
"frozenset({'fresh vegetables', 'lunch meat'})","frozenset({'fresh fruits', 'yogurt'})",0.0448,0.14829,0.01443,0.3220982142857143,2.172083176786798,1.0,0.0077866079999999,1.2563914389199868,0.5649209317551025,0.0807679391022053,0.2040697118569868,0.2097037703028814,"fresh vegetables, lunch meat","fresh fruits, yogurt","fresh vegetables, lunch meat → fresh fruits, yogurt"
"frozenset({'fresh fruits', 'other creams cheeses', 'milk'})",frozenset({'fresh vegetables'}),0.017,0.44933,0.01193,0.7017647058823528,1.5618024745339791,1.0,0.0042913899999999,1.8464280078895456,0.3659350620225304,0.0262544014084507,0.4584137612042654,0.3641576739747152,"fresh fruits, other creams cheeses, milk",fresh vegetables,"fresh fruits, other creams cheeses, milk → fresh vegetables"
"frozenset({'fresh fruits', 'fresh vegetables', 'other creams cheeses'})",frozenset({'milk'}),0.03,0.23003,0.01193,0.3976666666666666,1.7287600168094015,1.0,0.0050291,1.278312119535141,0.43458836339126,0.0480854494155582,0.2177184392465507,0.2247647335854743,"fresh fruits, fresh vegetables, other creams cheeses",milk,"fresh fruits, fresh vegetables, other creams cheeses → milk"
"frozenset({'other creams cheeses', 'fresh vegetables', 'milk'})",frozenset({'fresh fruits'}),0.01423,0.57912,0.01193,0.8383696416022488,1.447661351019217,1.0,0.0036891223999999,2.603966260869566,0.3136945864547736,0.0205187300058477,0.6159704466884832,0.4294849313136261,"other creams cheeses, fresh vegetables, milk",fresh fruits,"other creams cheeses, fresh vegetables, milk → fresh fruits"
"frozenset({'other creams cheeses', 'milk'})","frozenset({'fresh fruits', 'fresh vegetables'})",0.02222,0.32152,0.01193,0.5369036903690368,1.6698920451885944,1.0,0.0047858256,1.4650948104956265,0.4102752086826107,0.035954311202194,0.3174503159548356,0.2870043458065637,"other creams cheeses, milk","fresh fruits, fresh vegetables","other creams cheeses, milk → fresh fruits, fresh vegetables"
"frozenset({'fresh vegetables', 'other creams cheeses'})","frozenset({'fresh fruits', 'milk'})",0.03928,0.15639,0.01193,0.3037169042769857,1.94204811226412,1.0,0.0057870007999999,1.2115905228519197,0.5049126678321797,0.0649287036029171,0.1746386414065572,0.1900002770633601,"fresh vegetables, other creams cheeses","fresh fruits, milk","fresh vegetables, other creams cheeses → fresh fruits, milk"
"frozenset({'fresh fruits', 'packaged cheese', 'fresh vegetables'})",frozenset({'milk'}),0.08095,0.23003,0.03227,0.3986411365040148,1.7329962896318516,1.0,0.0136490715,1.2803835558751029,0.4602194870287418,0.1157834308062143,0.2189840337987386,0.2694635930748566,"fresh fruits, packaged cheese, fresh vegetables",milk,"fresh fruits, packaged cheese, fresh vegetables → milk"
"frozenset({'fresh fruits', 'packaged cheese', 'milk'})",frozenset({'fresh vegetables'}),0.04602,0.44933,0.03227,0.7012168622338114,1.5605832288825838,1.0,0.0115918334,1.843042429090909,0.3765424078568612,0.0696855834844951,0.4574188937726976,0.3865174512134939,"fresh fruits, packaged cheese, milk",fresh vegetables,"fresh fruits, packaged cheese, milk → fresh vegetables"
"frozenset({'fresh fruits', 'fresh vegetables', 'milk'})",frozenset({'packaged cheese'}),0.0934,0.16892,0.03227,0.3455032119914347,2.045365924647376,1.0,0.016492872,1.26979996728284,0.5637435790054834,0.1402738535101065,0.2124743851271053,0.2682701946767498,"fresh fruits, fresh vegetables, milk",packaged cheese,"fresh fruits, fresh vegetables, milk → packaged cheese"
"frozenset({'packaged cheese', 'fresh vegetables', 'milk'})",frozenset({'fresh fruits'}),0.03736,0.57912,0.03227,0.8637580299785867,1.4915009496798364,1.0,0.0106340768,3.089209587426327,0.3423236651836311,0.055236986699988,0.6762926011656215,0.4597402527293127,"packaged cheese, fresh vegetables, milk",fresh fruits,"packaged cheese, fresh vegetables, milk → fresh fruits"
"frozenset({'packaged cheese', 'fresh vegetables'})","frozenset({'fresh fruits', 'milk'})",0.10096,0.15639,0.03227,0.3196315372424723,2.043810584068497,1.0,0.0164808656,1.2399310758480129,0.5680702393540267,0.1433712457792784,0.1935035588037983,0.2629873269050138,"packaged cheese, fresh vegetables","fresh fruits, milk","packaged cheese, fresh vegetables → fresh fruits, milk"
"frozenset({'packaged cheese', 'milk'})","frozenset({'fresh fruits', 'fresh vegetables'})",0.05748,0.32152,0.03227,0.5614126652748782,1.7461205065777503,1.0,0.0137890303999999,1.5469666957556525,0.4533610328894176,0.0930695353733452,0.3535736724367384,0.3308898359964836,"packaged cheese, milk","fresh fruits, fresh vegetables","packaged cheese, milk → fresh fruits, fresh vegetables"
"frozenset({'fresh fruits', 'packaged vegetables fruits', 'fresh vegetables'})",frozenset({'milk'}),0.17477,0.23003,0.05498,0.3145848829890713,1.3675819805637148,1.0,0.0147776568999999,1.1233630261290593,0.3257060576654518,0.1571665427934366,0.1098158148876856,0.2767985928660958,"fresh fruits, packaged vegetables fruits, fresh vegetables",milk,"fresh fruits, packaged vegetables fruits, fresh vegetables → milk"
"frozenset({'fresh fruits', 'packaged vegetables fruits', 'milk'})",frozenset({'fresh vegetables'}),0.07797,0.44933,0.05498,0.7051430037193793,1.5693209973057205,1.0,0.0199457399,1.8675832927359728,0.3934597973984263,0.1164041327913279,0.4645486475010066,0.4137514809396532,"fresh fruits, packaged vegetables fruits, milk",fresh vegetables,"fresh fruits, packaged vegetables fruits, milk → fresh vegetables"
"frozenset({'fresh fruits', 'fresh vegetables', 'milk'})",frozenset({'packaged vegetables fruits'}),0.0934,0.3423,0.05498,0.5886509635974304,1.7196931451867672,1.0,0.02300918,1.5988854763144196,0.4616158277317537,0.1444105904601807,0.3745643357114648,0.3746351516789372,"fresh fruits, fresh vegetables, milk",packaged vegetables fruits,"fresh fruits, fresh vegetables, milk → packaged vegetables fruits"
"frozenset({'packaged vegetables fruits', 'fresh vegetables', 'milk'})",frozenset({'fresh fruits'}),0.06257,0.57912,0.05498,0.8786958606360876,1.5172949658725094,1.0,0.0187444616,3.469626034255601,0.3636883480727809,0.0937089874043394,0.7117845006559771,0.4868165033253652,"packaged vegetables fruits, fresh vegetables, milk",fresh fruits,"packaged vegetables fruits, fresh vegetables, milk → fresh fruits"
"frozenset({'fresh fruits', 'milk'})","frozenset({'packaged vegetables fruits', 'fresh vegetables'})",0.15639,0.21588,0.05498,0.3515570049235885,1.6284834395200505,1.0,0.0212185268,1.2092350537422347,0.4574764822328183,0.1732799647010621,0.1730309199147942,0.3031177650150646,"fresh fruits, milk","packaged vegetables fruits, fresh vegetables","fresh fruits, milk → packaged vegetables fruits, fresh vegetables"
"frozenset({'packaged vegetables fruits', 'milk'})","frozenset({'fresh fruits', 'fresh vegetables'})",0.09306,0.32152,0.05498,0.5908016333548248,1.8375268516883083,1.0,0.0250593488,1.6580711344537813,0.5025583451508474,0.1528921023359288,0.3968895669066514,0.3809009410864694,"packaged vegetables fruits, milk","fresh fruits, fresh vegetables","packaged vegetables fruits, milk → fresh fruits, fresh vegetables"
"frozenset({'fresh vegetables', 'milk'})","frozenset({'fresh fruits', 'packaged vegetables fruits'})",0.11551,0.2571,0.05498,0.4759761059648515,1.8513267443206984,1.0,0.025282379,1.4176834462250123,0.5199005474485915,0.1730944809999055,0.2946239143422419,0.3449114291006677,"fresh vegetables, milk","fresh fruits, packaged vegetables fruits","fresh vegetables, milk → fresh fruits, packaged vegetables fruits"
"frozenset({'fresh fruits', 'refrigerated', 'fresh vegetables'})",frozenset({'milk'}),0.03331,0.23003,0.01118,0.3356349444611228,1.459092050867812,1.0,0.0035177007,1.158956199728875,0.3254841581672265,0.0443369289340101,0.1371546222075182,0.1921186503377648,"fresh fruits, refrigerated, fresh vegetables",milk,"fresh fruits, refrigerated, fresh vegetables → milk"
"frozenset({'fresh fruits', 'refrigerated', 'milk'})",frozenset({'fresh vegetables'}),0.01742,0.44933,0.01118,0.6417910447761194,1.4283289448203311,1.0,0.0033526714,1.5372870833333332,0.3051977068439187,0.0245406852953442,0.3495034136163571,0.3333362674974447,"fresh fruits, refrigerated, milk",fresh vegetables,"fresh fruits, refrigerated, milk → fresh vegetables"
"frozenset({'refrigerated', 'fresh vegetables', 'milk'})",frozenset({'fresh fruits'}),0.01289,0.57912,0.01118,0.8673390224980605,1.497684456585959,1.0,0.0037151432,3.1725983625731,0.3366419262359796,0.0192483170635125,0.6848009468210904,0.4433220875717267,"refrigerated, fresh vegetables, milk",fresh fruits,"refrigerated, fresh vegetables, milk → fresh fruits"
"frozenset({'refrigerated', 'milk'})","frozenset({'fresh fruits', 'fresh vegetables'})",0.02303,0.32152,0.01118,0.4854537559704733,1.5098710996842293,1.0,0.0037753944,1.318598683544304,0.345652176420825,0.0335363110057893,0.2416191427462466,0.2601130436981005,"refrigerated, milk","fresh fruits, fresh vegetables","refrigerated, milk → fresh fruits, fresh vegetables"
"frozenset({'fresh fruits', 'soy lactosefree', 'milk'})",frozenset({'fresh vegetables'}),0.02527,0.44933,0.01577,0.6240601503759398,1.388868204606725,1.0,0.0044154309,1.4647821999999997,0.2872480349516622,0.0343700281149881,0.3173046477489962,0.3295784249531758,"fresh fruits, soy lactosefree, milk",fresh vegetables,"fresh fruits, soy lactosefree, milk → fresh vegetables"
"frozenset({'soy lactosefree', 'fresh vegetables', 'milk'})",frozenset({'fresh fruits'}),0.01812,0.57912,0.01577,0.8703090507726269,1.5028129761925455,1.0,0.0052763455999999,3.2452534468085097,0.3407556980682742,0.0271209176741706,0.6918576572244509,0.4487700109506179,"soy lactosefree, fresh vegetables, milk",fresh fruits,"soy lactosefree, fresh vegetables, milk → fresh fruits"
"frozenset({'soy lactosefree', 'milk'})","frozenset({'fresh fruits', 'fresh vegetables'})",0.03287,0.32152,0.01577,0.4797687861271675,1.4921895562551866,1.0,0.0052016376,1.3041893333333332,0.3410543106114863,0.0465713779457799,0.233240163493644,0.2644085284206378,"soy lactosefree, milk","fresh fruits, fresh vegetables","soy lactosefree, milk → fresh fruits, fresh vegetables"
"frozenset({'fresh fruits', 'water seltzer sparkling water', 'milk'})",frozenset({'fresh vegetables'}),0.02719,0.44933,0.01605,0.5902905479955866,1.3137127456336914,1.0,0.0038327172999999,1.3440500269299818,0.2454729964430688,0.0348556909244901,0.2559800751731282,0.3130051987746833,"fresh fruits, water seltzer sparkling water, milk",fresh vegetables,"fresh fruits, water seltzer sparkling water, milk → fresh vegetables"
"frozenset({'water seltzer sparkling water', 'fresh vegetables', 'milk'})",frozenset({'fresh fruits'}),0.0187,0.57912,0.01605,0.8582887700534758,1.482056862227994,1.0,0.0052204559999999,2.9699833962264126,0.3314603648983657,0.0275882221496467,0.6632977809672016,0.4430016166885696,"water seltzer sparkling water, fresh vegetables, milk",fresh fruits,"water seltzer sparkling water, fresh vegetables, milk → fresh fruits"
"frozenset({'water seltzer sparkling water', 'milk'})","frozenset({'fresh fruits', 'fresh vegetables'})",0.03696,0.32152,0.01605,0.4342532467532467,1.3506259229697897,1.0,0.0041666208,1.1992645050215207,0.269565689956881,0.0468708933212627,0.1661555930215286,0.2420861904331051,"water seltzer sparkling water, milk","fresh fruits, fresh vegetables","water seltzer sparkling water, milk → fresh fruits, fresh vegetables"
"frozenset({'fresh fruits', 'yogurt', 'fresh vegetables'})",frozenset({'milk'}),0.09079,0.23003,0.03624,0.3991629034034585,1.7352645455091011,1.0,0.0153555763,1.2814954408799266,0.4660298421988397,0.1273455618806662,0.2196616795504481,0.2783537857451149,"fresh fruits, yogurt, fresh vegetables",milk,"fresh fruits, yogurt, fresh vegetables → milk"
"frozenset({'fresh fruits', 'yogurt', 'milk'})",frozenset({'fresh vegetables'}),0.05709,0.44933,0.03624,0.6347871781397793,1.4127415888985362,1.0,0.0105877503,1.5078057697841725,0.3098455475408979,0.0770768641796758,0.3367846044632525,0.3577202977249983,"fresh fruits, yogurt, milk",fresh vegetables,"fresh fruits, yogurt, milk → fresh vegetables"
"frozenset({'fresh fruits', 'fresh vegetables', 'milk'})",frozenset({'yogurt'}),0.0934,0.20368,0.03624,0.3880085653104925,1.9049909922942485,1.0,0.017216288,1.3011946815955215,0.524005222433087,0.1389357460512191,0.2314754939101021,0.2829673619953877,"fresh fruits, fresh vegetables, milk",yogurt,"fresh fruits, fresh vegetables, milk → yogurt"
"frozenset({'yogurt', 'fresh vegetables', 'milk'})",frozenset({'fresh fruits'}),0.04136,0.57912,0.03624,0.8762088974854932,1.5130005827557214,1.0,0.0122875968,3.3999212500000007,0.353690354934391,0.0620293030261536,0.7058755404996513,0.4693933007941349,"yogurt, fresh vegetables, milk",fresh fruits,"yogurt, fresh vegetables, milk → fresh fruits"
"frozenset({'yogurt', 'fresh vegetables'})","frozenset({'fresh fruits', 'milk'})",0.10979,0.15639,0.03624,0.3300847071682303,2.110650982596268,1.0,0.0190699419,1.2592786118286878,0.5911105523802667,0.1576063320866313,0.2058945569258665,0.2809065392737372,"yogurt, fresh vegetables","fresh fruits, milk","yogurt, fresh vegetables → fresh fruits, milk"
"frozenset({'yogurt', 'milk'})","frozenset({'fresh fruits', 'fresh vegetables'})",0.07134,0.32152,0.03624,0.5079899074852817,1.5799636336317546,1.0,0.0133027632,1.3789961025641024,0.3952728013859748,0.1016207728113958,0.2748347887709022,0.3103522565542855,"yogurt, milk","fresh fruits, fresh vegetables","yogurt, milk → fresh fruits, fresh vegetables"
"frozenset({'fresh vegetables', 'milk'})","frozenset({'fresh fruits', 'yogurt'})",0.11551,0.14829,0.03624,0.3137390702103714,2.11571292879069,1.0,0.0191110221,1.2410877015264286,0.5962148632964601,0.1592547020566004,0.1942551692599257,0.279062535307492,"fresh vegetables, milk","fresh fruits, yogurt","fresh vegetables, milk → fresh fruits, yogurt"
"frozenset({'fresh fruits', 'packaged vegetables fruits', 'nuts seeds dried fruit'})",frozenset({'fresh vegetables'}),0.01572,0.44933,0.01237,0.7868956743002544,1.751264492244574,1.0,0.0053065324,2.5840395223880592,0.4358353576919554,0.0273261465052575,0.6130090150185309,0.4072127760591695,"fresh fruits, packaged vegetables fruits, nuts seeds dried fruit",fresh vegetables,"fresh fruits, packaged vegetables fruits, nuts seeds dried fruit → fresh vegetables"
"frozenset({'fresh fruits', 'fresh vegetables', 'nuts seeds dried fruit'})",frozenset({'packaged vegetables fruits'}),0.01886,0.3423,0.01237,0.6558854718981973,1.916112976623422,1.0,0.005914222,1.9112822804314331,0.487300594301493,0.0354654663264428,0.4767910474353009,0.3460116813186575,"fresh fruits, fresh vegetables, nuts seeds dried fruit",packaged vegetables fruits,"fresh fruits, fresh vegetables, nuts seeds dried fruit → packaged vegetables fruits"
"frozenset({'packaged vegetables fruits', 'fresh vegetables', 'nuts seeds dried fruit'})",frozenset({'fresh fruits'}),0.01372,0.57912,0.01237,0.9016034985422742,1.556850909211,1.0,0.0044244736,4.2773878518518575,0.3626533402879258,0.0213103175013351,0.7662124561449206,0.4614817465083245,"packaged vegetables fruits, fresh vegetables, nuts seeds dried fruit",fresh fruits,"packaged vegetables fruits, fresh vegetables, nuts seeds dried fruit → fresh fruits"
"frozenset({'fresh fruits', 'nuts seeds dried fruit'})","frozenset({'packaged vegetables fruits', 'fresh vegetables'})",0.02822,0.21588,0.01237,0.4383416017009214,2.0304873156425858,1.0,0.0062778664,1.396079899053628,0.5222451468891903,0.0533810900617097,0.2837086181973695,0.2478209768741776,"fresh fruits, nuts seeds dried fruit","packaged vegetables fruits, fresh vegetables","fresh fruits, nuts seeds dried fruit → packaged vegetables fruits, fresh vegetables"
"frozenset({'packaged vegetables fruits', 'nuts seeds dried fruit'})","frozenset({'fresh fruits', 'fresh vegetables'})",0.01829,0.32152,0.01237,0.6763258611262986,2.103526564836709,1.0,0.0064893992,2.096182297297297,0.534381698994908,0.0377779135108722,0.5229422549320519,0.357399680998581,"packaged vegetables fruits, nuts seeds dried fruit","fresh fruits, fresh vegetables","packaged vegetables fruits, nuts seeds dried fruit → fresh fruits, fresh vegetables"
"frozenset({'fresh vegetables', 'nuts seeds dried fruit'})","frozenset({'fresh fruits', 'packaged vegetables fruits'})",0.02204,0.2571,0.01237,0.5612522686025408,2.183011546489852,1.0,0.006703516,1.6932281282316444,0.5541302497836471,0.046369531806425,0.4094121262653666,0.3046829215435886,"fresh vegetables, nuts seeds dried fruit","fresh fruits, packaged vegetables fruits","fresh vegetables, nuts seeds dried fruit → fresh fruits, packaged vegetables fruits"
frozenset({'nuts seeds dried fruit'}),"frozenset({'fresh fruits', 'packaged vegetables fruits', 'fresh vegetables'})",0.03847,0.17477,0.01237,0.3215492591629842,1.8398424166789733,1.0,0.0056465981,1.2163447547892725,0.4747383752724801,0.0615821177876238,0.1778646670176607,0.1961639984663121,nuts seeds dried fruit,"fresh fruits, packaged vegetables fruits, fresh vegetables","nuts seeds dried fruit → fresh fruits, packaged vegetables fruits, fresh vegetables"
"frozenset({'fresh fruits', 'packaged vegetables fruits', 'oils vinegars'})",frozenset({'fresh vegetables'}),0.01598,0.44933,0.01301,0.8141426783479349,1.8119036751339437,1.0,0.0058297066,2.962864175084174,0.4553711116868152,0.0287640946274596,0.6624887470679988,0.4215484495382876,"fresh fruits, packaged vegetables fruits, oils vinegars",fresh vegetables,"fresh fruits, packaged vegetables fruits, oils vinegars → fresh vegetables"
"frozenset({'fresh fruits', 'oils vinegars', 'fresh vegetables'})",frozenset({'packaged vegetables fruits'}),0.02176,0.3423,0.01301,0.5978860294117647,1.7466725954185356,1.0,0.005561552,1.6356059428571428,0.4369918009271447,0.0370602478279447,0.3886057920203204,0.317946812544036,"fresh fruits, oils vinegars, fresh vegetables",packaged vegetables fruits,"fresh fruits, oils vinegars, fresh vegetables → packaged vegetables fruits"
"frozenset({'packaged vegetables fruits', 'oils vinegars', 'fresh vegetables'})",frozenset({'fresh fruits'}),0.01561,0.57912,0.01301,0.8334401024983985,1.4391492307266172,1.0,0.0039699368,2.5268987692307703,0.3099838751941637,0.0223647115450732,0.6042579892092723,0.4279526109950205,"packaged vegetables fruits, oils vinegars, fresh vegetables",fresh fruits,"packaged vegetables fruits, oils vinegars, fresh vegetables → fresh fruits"
"frozenset({'fresh fruits', 'oils vinegars'})","frozenset({'packaged vegetables fruits', 'fresh vegetables'})",0.02925,0.21588,0.01301,0.4447863247863248,2.06034058174136,1.0,0.00669551,1.4122850985221678,0.5301502459626631,0.0560485955540237,0.2919276702371127,0.2525256434011298,"fresh fruits, oils vinegars","packaged vegetables fruits, fresh vegetables","fresh fruits, oils vinegars → packaged vegetables fruits, fresh vegetables"
"frozenset({'packaged vegetables fruits', 'oils vinegars'})","frozenset({'fresh fruits', 'fresh vegetables'})",0.02003,0.32152,0.01301,0.6495257114328508,2.020172031080029,1.0,0.0065699544,1.9358909401709403,0.5153143992227343,0.0395994399464296,0.4834419753461426,0.3449948786076918,"packaged vegetables fruits, oils vinegars","fresh fruits, fresh vegetables","packaged vegetables fruits, oils vinegars → fresh fruits, fresh vegetables"
"frozenset({'oils vinegars', 'fresh vegetables'})","frozenset({'fresh fruits', 'packaged vegetables fruits'})",0.02851,0.2571,0.01301,0.4563311118905647,1.7749168101538886,1.0,0.005680079,1.3664567096774194,0.4494058743129418,0.0477256052824651,0.2681802556071675,0.253466995074026,"oils vinegars, fresh vegetables","fresh fruits, packaged vegetables fruits","oils vinegars, fresh vegetables → fresh fruits, packaged vegetables fruits"
"frozenset({'fresh fruits', 'packaged cheese', 'other creams cheeses'})",frozenset({'fresh vegetables'}),0.01623,0.44933,0.01248,0.7689463955637708,1.7113177298728568,1.0,0.0051873740999999,2.3832997599999994,0.4225123514251689,0.0275448044495453,0.5804136698272482,0.3983605411598036,"fresh fruits, packaged cheese, other creams cheeses",fresh vegetables,"fresh fruits, packaged cheese, other creams cheeses → fresh vegetables"
"frozenset({'fresh fruits', 'fresh vegetables', 'other creams cheeses'})",frozenset({'packaged cheese'}),0.03,0.16892,0.01248,0.416,2.4627042386928726,1.0,0.0074124,1.4230821917808218,0.6123116574147502,0.0669384252306372,0.2972998989266978,0.244940563580393,"fresh fruits, fresh vegetables, other creams cheeses",packaged cheese,"fresh fruits, fresh vegetables, other creams cheeses → packaged cheese"
"frozenset({'packaged cheese', 'fresh vegetables', 'other creams cheeses'})",frozenset({'fresh fruits'}),0.01511,0.57912,0.01248,0.8259430840502978,1.4262036953486288,1.0,0.0037294968,2.418059619771863,0.3034226001029401,0.0214525139664804,0.5864452671790007,0.4237465109435078,"packaged cheese, fresh vegetables, other creams cheeses",fresh fruits,"packaged cheese, fresh vegetables, other creams cheeses → fresh fruits"
"frozenset({'packaged cheese', 'other creams cheeses'})","frozenset({'fresh fruits', 'fresh vegetables'})",0.02107,0.32152,0.01248,0.5923113431419079,1.842222390961396,1.0,0.0057055736,1.6642111292200232,0.4670174290244163,0.0378055799581957,0.3991147021900542,0.3155634844597322,"packaged cheese, other creams cheeses","fresh fruits, fresh vegetables","packaged cheese, other creams cheeses → fresh fruits, fresh vegetables"
"frozenset({'fresh vegetables', 'other creams cheeses'})","frozenset({'fresh fruits', 'packaged cheese'})",0.03928,0.1199,0.01248,0.3177189409368635,2.649866062859579,1.0,0.0077703279999999,1.2899376119402983,0.6480789781595426,0.0850715746421267,0.2247687091658488,0.2109028399429939,"fresh vegetables, other creams cheeses","fresh fruits, packaged cheese","fresh vegetables, other creams cheeses → fresh fruits, packaged cheese"
"frozenset({'fresh fruits', 'packaged vegetables fruits', 'other creams cheeses'})",frozenset({'fresh vegetables'}),0.02316,0.44933,0.01794,0.7746113989637307,1.7239253977338052,1.0,0.0075335172,2.443202528735633,0.4298846228484476,0.0394676053239467,0.5907011439950073,0.4072687555876227,"fresh fruits, packaged vegetables fruits, other creams cheeses",fresh vegetables,"fresh fruits, packaged vegetables fruits, other creams cheeses → fresh vegetables"
"frozenset({'fresh fruits', 'fresh vegetables', 'other creams cheeses'})",frozenset({'packaged vegetables fruits'}),0.03,0.3423,0.01794,0.5980000000000001,1.7470055506865323,1.0,0.007671,1.6360696517412938,0.4408164672620074,0.0506264815441923,0.3887790786072679,0.325205083260298,"fresh fruits, fresh vegetables, other creams cheeses",packaged vegetables fruits,"fresh fruits, fresh vegetables, other creams cheeses → packaged vegetables fruits"
"frozenset({'packaged vegetables fruits', 'fresh vegetables', 'other creams cheeses'})",frozenset({'fresh fruits'}),0.02101,0.57912,0.01794,0.8538791051880057,1.4744424388520614,1.0,0.0057726888,2.880354657980456,0.3286831582381966,0.0308146824919699,0.6528205312393217,0.4424285704141437,"packaged vegetables fruits, fresh vegetables, other creams cheeses",fresh fruits,"packaged vegetables fruits, fresh vegetables, other creams cheeses → fresh fruits"
"frozenset({'fresh fruits', 'other creams cheeses'})","frozenset({'packaged vegetables fruits', 'fresh vegetables'})",0.04352,0.21588,0.01794,0.4122242647058823,1.909506506882909,1.0,0.0085449024,1.334046223612197,0.4979764151946211,0.0742980203760457,0.2504007864942641,0.2476629939427133,"fresh fruits, other creams cheeses","packaged vegetables fruits, fresh vegetables","fresh fruits, other creams cheeses → packaged vegetables fruits, fresh vegetables"
"frozenset({'packaged vegetables fruits', 'other creams cheeses'})","frozenset({'fresh fruits', 'fresh vegetables'})",0.02858,0.32152,0.01794,0.6277116864940518,1.9523254742910296,1.0,0.0087509584,1.8224584962406016,0.5021415281751339,0.0540101156069364,0.4512906592590082,0.3417545742746447,"packaged vegetables fruits, other creams cheeses","fresh fruits, fresh vegetables","packaged vegetables fruits, other creams cheeses → fresh fruits, fresh vegetables"
"frozenset({'fresh vegetables', 'other creams cheeses'})","frozenset({'fresh fruits', 'packaged vegetables fruits'})",0.03928,0.2571,0.01794,0.4567209775967413,1.7764332072996551,1.0,0.007841112,1.3674373008434864,0.4549444661208665,0.0644303979313317,0.2687050445507354,0.2632496369897359,"fresh vegetables, other creams cheeses","fresh fruits, packaged vegetables fruits","fresh vegetables, other creams cheeses → fresh fruits, packaged vegetables fruits"
"frozenset({'fresh fruits', 'yogurt', 'other creams cheeses'})",frozenset({'fresh vegetables'}),0.01459,0.44933,0.01081,0.7409184372858122,1.648940505387604,1.0,0.0042542753,2.125469656084656,0.3993768903285052,0.0238573414844077,0.5295157486077182,0.3824882396297087,"fresh fruits, yogurt, other creams cheeses",fresh vegetables,"fresh fruits, yogurt, other creams cheeses → fresh vegetables"
"frozenset({'fresh fruits', 'fresh vegetables', 'other creams cheeses'})",frozenset({'yogurt'}),0.03,0.20368,0.01081,0.3603333333333333,1.7691149515579996,1.0,0.0046996,1.2448983845753,0.4481913463097361,0.0485036119711042,0.1967215859620923,0.2067033909400366,"fresh fruits, fresh vegetables, other creams cheeses",yogurt,"fresh fruits, fresh vegetables, other creams cheeses → yogurt"
"frozenset({'yogurt', 'fresh vegetables', 'other creams cheeses'})",frozenset({'fresh fruits'}),0.01254,0.57912,0.01081,0.8620414673046252,1.4885368616256134,1.0,0.0035478352,3.050771791907514,0.3323672563474181,0.0186106567960747,0.6722140926264616,0.4403538597747052,"yogurt, fresh vegetables, other creams cheeses",fresh fruits,"yogurt, fresh vegetables, other creams cheeses → fresh fruits"
"frozenset({'yogurt', 'other creams cheeses'})","frozenset({'fresh fruits', 'fresh vegetables'})",0.0182,0.32152,0.01081,0.593956043956044,1.8473377828938915,1.0,0.004958336,1.670952097428958,0.4671832155592562,0.0328661335927761,0.401538798425958,0.3137887958023564,"yogurt, other creams cheeses","fresh fruits, fresh vegetables","yogurt, other creams cheeses → fresh fruits, fresh vegetables"
"frozenset({'fresh fruits', 'packaged vegetables fruits', 'packaged cheese'})",frozenset({'fresh vegetables'}),0.06753,0.44933,0.05137,0.7606989486154301,1.6929627414493358,1.0,0.0210267450999999,2.301159969059405,0.4389626973820885,0.1103568282884702,0.5654365565863949,0.4375123612727519,"fresh fruits, packaged vegetables fruits, packaged cheese",fresh vegetables,"fresh fruits, packaged vegetables fruits, packaged cheese → fresh vegetables"
"frozenset({'fresh fruits', 'packaged cheese', 'fresh vegetables'})",frozenset({'packaged vegetables fruits'}),0.08095,0.3423,0.05137,0.6345892526250773,1.853897904250883,1.0,0.023660815,1.7998923258958757,0.501165301573087,0.138135957835861,0.4444112097081911,0.3923311439870931,"fresh fruits, packaged cheese, fresh vegetables",packaged vegetables fruits,"fresh fruits, packaged cheese, fresh vegetables → packaged vegetables fruits"
"frozenset({'packaged vegetables fruits', 'packaged cheese', 'fresh vegetables'})",frozenset({'fresh fruits'}),0.05924,0.57912,0.05137,0.8671505739365294,1.4973590515549962,1.0,0.0170629312,3.1680979923761123,0.3530735876029075,0.0875142677047309,0.6843531979104006,0.4779270620753237,"packaged vegetables fruits, packaged cheese, fresh vegetables",fresh fruits,"packaged vegetables fruits, packaged cheese, fresh vegetables → fresh fruits"
"frozenset({'fresh fruits', 'packaged cheese'})","frozenset({'packaged vegetables fruits', 'fresh vegetables'})",0.1199,0.21588,0.05137,0.428440366972477,1.9846227856794376,1.0,0.0254859879999999,1.371895345104334,0.563715384688376,0.1806195281459864,0.2710814250018836,0.3331983194877208,"fresh fruits, packaged cheese","packaged vegetables fruits, fresh vegetables","fresh fruits, packaged cheese → packaged vegetables fruits, fresh vegetables"
"frozenset({'packaged vegetables fruits', 'packaged cheese'})","frozenset({'fresh fruits', 'fresh vegetables'})",0.08165,0.32152,0.05137,0.6291488058787508,1.9567952409764584,1.0,0.025117892,1.8295208718626157,0.532433524298065,0.1460204661739624,0.4534088047971212,0.3944605686522393,"packaged vegetables fruits, packaged cheese","fresh fruits, fresh vegetables","packaged vegetables fruits, packaged cheese → fresh fruits, fresh vegetables"
"frozenset({'packaged cheese', 'fresh vegetables'})","frozenset({'fresh fruits', 'packaged vegetables fruits'})",0.10096,0.2571,0.05137,0.5088153724247226,1.979056291033538,1.0,0.025413184,1.5124659003831418,0.5502632392814183,0.1674981251426521,0.3388280689523794,0.3543104477837343,"packaged cheese, fresh vegetables","fresh fruits, packaged vegetables fruits","packaged cheese, fresh vegetables → fresh fruits, packaged vegetables fruits"
frozenset({'packaged cheese'}),"frozenset({'fresh fruits', 'packaged vegetables fruits', 'fresh vegetables'})",0.16892,0.17477,0.05137,0.3041084537058963,1.7400495148246051,1.0,0.0218478516,1.1858600731603572,0.5117482195898979,0.1757320744389709,0.1567301888029958,0.2990188088750343,packaged cheese,"fresh fruits, packaged vegetables fruits, fresh vegetables","packaged cheese → fresh fruits, packaged vegetables fruits, fresh vegetables"
"frozenset({'fresh fruits', 'packaged cheese', 'soy lactosefree'})",frozenset({'fresh vegetables'}),0.02457,0.44933,0.01778,0.7236467236467237,1.6105016883954413,1.0,0.0067399618999999,1.992630618556701,0.3886239632171911,0.0389809699201964,0.4981508410603876,0.3816083750652998,"fresh fruits, packaged cheese, soy lactosefree",fresh vegetables,"fresh fruits, packaged cheese, soy lactosefree → fresh vegetables"
"frozenset({'packaged cheese', 'soy lactosefree', 'fresh vegetables'})",frozenset({'fresh fruits'}),0.02043,0.57912,0.01778,0.8702887909936369,1.5027779924603484,1.0,0.0059485784,3.2447465660377377,0.341543446906004,0.030561905907833,0.691809520513298,0.4504952726898009,"packaged cheese, soy lactosefree, fresh vegetables",fresh fruits,"packaged cheese, soy lactosefree, fresh vegetables → fresh fruits"
"frozenset({'packaged cheese', 'soy lactosefree'})","frozenset({'fresh fruits', 'fresh vegetables'})",0.03026,0.32152,0.01778,0.5875743555849307,1.8274892870892343,1.0,0.0080508048,1.6450965384615386,0.4669304863713658,0.0532335329341317,0.3921329377209803,0.3214370907061255,"packaged cheese, soy lactosefree","fresh fruits, fresh vegetables","packaged cheese, soy lactosefree → fresh fruits, fresh vegetables"
"frozenset({'fresh fruits', 'water seltzer sparkling water', 'packaged cheese'})",frozenset({'fresh vegetables'}),0.02343,0.44933,0.01535,0.6551429790866411,1.4580441525975143,1.0,0.0048221981,1.5968066955445546,0.3216868359206702,0.0335585142432391,0.3737501209193185,0.3446524767910004,"fresh fruits, water seltzer sparkling water, packaged cheese",fresh vegetables,"fresh fruits, water seltzer sparkling water, packaged cheese → fresh vegetables"
"frozenset({'water seltzer sparkling water', 'packaged cheese', 'fresh vegetables'})",frozenset({'fresh fruits'}),0.01832,0.57912,0.01535,0.8378820960698691,1.4468194779490764,1.0,0.0047405216,2.5961352188552205,0.3145920959270249,0.0263704925355185,0.614812051106893,0.4321939144529481,"water seltzer sparkling water, packaged cheese, fresh vegetables",fresh fruits,"water seltzer sparkling water, packaged cheese, fresh vegetables → fresh fruits"
"frozenset({'water seltzer sparkling water', 'packaged cheese'})","frozenset({'fresh fruits', 'fresh vegetables'})",0.0308,0.32152,0.01535,0.4983766233766233,1.550064143370936,1.0,0.005447184,1.3525685436893202,0.3661425992221666,0.0455530165890138,0.2606659347020154,0.2730592994962241,"water seltzer sparkling water, packaged cheese","fresh fruits, fresh vegetables","water seltzer sparkling water, packaged cheese → fresh fruits, fresh vegetables"
"frozenset({'fresh fruits', 'yogurt', 'packaged cheese'})",frozenset({'fresh vegetables'}),0.04523,0.44933,0.03156,0.6977669688260004,1.552905367605102,1.0,0.0112368040999999,1.8220046891002195,0.3729125939102672,0.0681641468682505,0.4511539920932689,0.3840024393013896,"fresh fruits, yogurt, packaged cheese",fresh vegetables,"fresh fruits, yogurt, packaged cheese → fresh vegetables"
"frozenset({'fresh fruits', 'yogurt', 'fresh vegetables'})",frozenset({'packaged cheese'}),0.09079,0.16892,0.03156,0.347615376142747,2.0578698563979816,1.0,0.0162237532,1.2739110788451795,0.5653926167104303,0.1383300460223537,0.2150158542411645,0.2672246902025599,"fresh fruits, yogurt, fresh vegetables",packaged cheese,"fresh fruits, yogurt, fresh vegetables → packaged cheese"
"frozenset({'fresh fruits', 'packaged cheese', 'fresh vegetables'})",frozenset({'yogurt'}),0.08095,0.20368,0.03156,0.3898702903026559,1.9141314331434405,1.0,0.015072104,1.305165094148613,0.5196342258141277,0.1247085786541273,0.2338134045392002,0.2724096149078087,"fresh fruits, packaged cheese, fresh vegetables",yogurt,"fresh fruits, packaged cheese, fresh vegetables → yogurt"
"frozenset({'yogurt', 'packaged cheese', 'fresh vegetables'})",frozenset({'fresh fruits'}),0.03592,0.57912,0.03156,0.8786191536748329,1.51716251152582,1.0,0.0107580096,3.467433394495411,0.3535752519472849,0.0540892575580996,0.7116022468989567,0.4665578155444201,"yogurt, packaged cheese, fresh vegetables",fresh fruits,"yogurt, packaged cheese, fresh vegetables → fresh fruits"
"frozenset({'yogurt', 'packaged cheese'})","frozenset({'fresh fruits', 'fresh vegetables'})",0.05481,0.32152,0.03156,0.5758073344280241,1.7908911869495652,1.0,0.0139374888,1.5994618838709678,0.467227523852307,0.0915392870609391,0.3747897276677635,0.3369830401923649,"yogurt, packaged cheese","fresh fruits, fresh vegetables","yogurt, packaged cheese → fresh fruits, fresh vegetables"
"frozenset({'packaged cheese', 'fresh vegetables'})","frozenset({'fresh fruits', 'yogurt'})",0.10096,0.14829,0.03156,0.3125990491283676,2.1080251475377145,1.0,0.0165886416,1.239029417867435,0.5846484666026525,0.1449768018742248,0.1929166607511566,0.2627126340118876,"packaged cheese, fresh vegetables","fresh fruits, yogurt","packaged cheese, fresh vegetables → fresh fruits, yogurt"
"frozenset({'fresh fruits', 'packaged vegetables fruits', 'pasta sauce'})",frozenset({'fresh vegetables'}),0.01624,0.44933,0.01321,0.813423645320197,1.810303441390953,1.0,0.0059128807999999,2.9514458085808566,0.4549955470635705,0.0292024051640286,0.6611830049216354,0.421411486604193,"fresh fruits, packaged vegetables fruits, pasta sauce",fresh vegetables,"fresh fruits, packaged vegetables fruits, pasta sauce → fresh vegetables"
"frozenset({'fresh fruits', 'fresh vegetables', 'pasta sauce'})",frozenset({'packaged vegetables fruits'}),0.02087,0.3423,0.01321,0.6329659798754192,1.8491556525720687,1.0,0.0060661989999999,1.7919319843342034,0.4690006862601756,0.0377471711052691,0.4419431045695899,0.3357789291722992,"fresh fruits, fresh vegetables, pasta sauce",packaged vegetables fruits,"fresh fruits, fresh vegetables, pasta sauce → packaged vegetables fruits"
"frozenset({'packaged vegetables fruits', 'fresh vegetables', 'pasta sauce'})",frozenset({'fresh fruits'}),0.01551,0.57912,0.01321,0.8517085751128304,1.470694459028924,1.0,0.0042278488,2.838195130434782,0.3250912800610904,0.0227202366619655,0.6476634078902072,0.4372595230861845,"packaged vegetables fruits, fresh vegetables, pasta sauce",fresh fruits,"packaged vegetables fruits, fresh vegetables, pasta sauce → fresh fruits"
"frozenset({'fresh fruits', 'pasta sauce'})","frozenset({'packaged vegetables fruits', 'fresh vegetables'})",0.02766,0.21588,0.01321,0.477584960231381,2.21227052173143,1.0,0.0072387592,1.5009521937716264,0.5635638926374994,0.0573524942473841,0.3337562620917474,0.2693881814312361,"fresh fruits, pasta sauce","packaged vegetables fruits, fresh vegetables","fresh fruits, pasta sauce → packaged vegetables fruits, fresh vegetables"
"frozenset({'packaged vegetables fruits', 'pasta sauce'})","frozenset({'fresh fruits', 'fresh vegetables'})",0.01976,0.32152,0.01321,0.6685222672064777,2.0792556208213417,1.0,0.0068567648,2.0468343206106865,0.5295220074022257,0.0402657969335812,0.5114406721001028,0.3548041791369536,"packaged vegetables fruits, pasta sauce","fresh fruits, fresh vegetables","packaged vegetables fruits, pasta sauce → fresh fruits, fresh vegetables"
"frozenset({'fresh vegetables', 'pasta sauce'})","frozenset({'fresh fruits', 'packaged vegetables fruits'})",0.02648,0.2571,0.01321,0.4988670694864048,1.940361997224445,1.0,0.006401992,1.4824409947249435,0.4978143728908957,0.0488589710396863,0.3254368952569724,0.275123927586454,"fresh vegetables, pasta sauce","fresh fruits, packaged vegetables fruits","fresh vegetables, pasta sauce → fresh fruits, packaged vegetables fruits"
frozenset({'pasta sauce'}),"frozenset({'fresh fruits', 'packaged vegetables fruits', 'fresh vegetables'})",0.03845,0.17477,0.01321,0.3435630689206762,1.9658011610727024,1.0,0.0064900934999999,1.2571352416798731,0.5109474825590511,0.0660466976651167,0.2045406358477954,0.2095740617819608,pasta sauce,"fresh fruits, packaged vegetables fruits, fresh vegetables","pasta sauce → fresh fruits, packaged vegetables fruits, fresh vegetables"
"frozenset({'fresh fruits', 'packaged vegetables fruits', 'poultry counter'})",frozenset({'fresh vegetables'}),0.0135,0.44933,0.0117,0.8666666666666667,1.9287976913775324,1.0,0.005634045,4.130025000000001,0.488132090919724,0.0259348746481058,0.7578707150683108,0.4463527177501317,"fresh fruits, packaged vegetables fruits, poultry counter",fresh vegetables,"fresh fruits, packaged vegetables fruits, poultry counter → fresh vegetables"
"frozenset({'fresh fruits', 'poultry counter', 'fresh vegetables'})",frozenset({'packaged vegetables fruits'}),0.01871,0.3423,0.0117,0.6253340459647247,1.826859614270303,1.0,0.005295567,1.7554303851640511,0.4612424095859166,0.0334946036471901,0.4303391302489353,0.329757294673861,"fresh fruits, poultry counter, fresh vegetables",packaged vegetables fruits,"fresh fruits, poultry counter, fresh vegetables → packaged vegetables fruits"
"frozenset({'packaged vegetables fruits', 'poultry counter', 'fresh vegetables'})",frozenset({'fresh fruits'}),0.01374,0.57912,0.0117,0.851528384279476,1.4703833130948267,1.0,0.0037428912,2.834750588235294,0.3243619641567445,0.0201321494941152,0.647235279128198,0.4358657255006994,"packaged vegetables fruits, poultry counter, fresh vegetables",fresh fruits,"packaged vegetables fruits, poultry counter, fresh vegetables → fresh fruits"
"frozenset({'fresh fruits', 'poultry counter'})","frozenset({'packaged vegetables fruits', 'fresh vegetables'})",0.02324,0.21588,0.0117,0.5034423407917384,2.3320471594948047,1.0,0.0066829488,1.5791116811091856,0.5847825516280409,0.0514466625626593,0.3667325674536276,0.2788195583891988,"fresh fruits, poultry counter","packaged vegetables fruits, fresh vegetables","fresh fruits, poultry counter → packaged vegetables fruits, fresh vegetables"
"frozenset({'packaged vegetables fruits', 'poultry counter'})","frozenset({'fresh fruits', 'fresh vegetables'})",0.01624,0.32152,0.0117,0.7204433497536945,2.240741943747495,1.0,0.0064785152,2.426985726872246,0.5628600958193543,0.0358829663252162,0.5879662624597549,0.3784164994600769,"packaged vegetables fruits, poultry counter","fresh fruits, fresh vegetables","packaged vegetables fruits, poultry counter → fresh fruits, fresh vegetables"
"frozenset({'poultry counter', 'fresh vegetables'})","frozenset({'fresh fruits', 'packaged vegetables fruits'})",0.02357,0.2571,0.0117,0.4963937208315656,1.9307418157587148,1.0,0.005640153,1.4751603201347938,0.4937008889263531,0.0434992750120831,0.3221075795282885,0.2709506527144992,"poultry counter, fresh vegetables","fresh fruits, packaged vegetables fruits","poultry counter, fresh vegetables → fresh fruits, packaged vegetables fruits"
frozenset({'poultry counter'}),"frozenset({'fresh fruits', 'packaged vegetables fruits', 'fresh vegetables'})",0.03114,0.17477,0.0117,0.3757225433526011,2.149811428463701,1.0,0.0062576622,1.3218962037037036,0.552033238111722,0.060244065702075,0.2435109525254791,0.2213338356174804,poultry counter,"fresh fruits, packaged vegetables fruits, fresh vegetables","poultry counter → fresh fruits, packaged vegetables fruits, fresh vegetables"
"frozenset({'fresh fruits', 'packaged vegetables fruits', 'refrigerated'})",frozenset({'fresh vegetables'}),0.02753,0.44933,0.01959,0.7115873592444606,1.5836631412201736,1.0,0.0072199451,1.90931298488665,0.3789860694422295,0.0428412097885275,0.4762514014645079,0.377592802761126,"fresh fruits, packaged vegetables fruits, refrigerated",fresh vegetables,"fresh fruits, packaged vegetables fruits, refrigerated → fresh vegetables"
"frozenset({'fresh fruits', 'refrigerated', 'fresh vegetables'})",frozenset({'packaged vegetables fruits'}),0.03331,0.3423,0.01959,0.5881116781747223,1.7181176692220927,1.0,0.008187987,1.596792055393586,0.432369929962772,0.0550249985955845,0.3737443791618098,0.3226710888682551,"fresh fruits, refrigerated, fresh vegetables",packaged vegetables fruits,"fresh fruits, refrigerated, fresh vegetables → packaged vegetables fruits"
"frozenset({'packaged vegetables fruits', 'refrigerated', 'fresh vegetables'})",frozenset({'fresh fruits'}),0.02232,0.57912,0.01959,0.8776881720430108,1.5155549316946588,1.0,0.0066640416,3.4410408791208797,0.3479417411322087,0.0336684712554782,0.70939025860818,0.4557576790592177,"packaged vegetables fruits, refrigerated, fresh vegetables",fresh fruits,"packaged vegetables fruits, refrigerated, fresh vegetables → fresh fruits"
"frozenset({'fresh fruits', 'refrigerated'})","frozenset({'packaged vegetables fruits', 'fresh vegetables'})",0.05524,0.21588,0.01959,0.3546343229543809,1.6427382015674492,1.0,0.0076647888,1.2150010883590463,0.4141372154312653,0.0778833538742893,0.1769554697678683,0.2226895906044834,"fresh fruits, refrigerated","packaged vegetables fruits, fresh vegetables","fresh fruits, refrigerated → packaged vegetables fruits, fresh vegetables"
"frozenset({'packaged vegetables fruits', 'refrigerated'})","frozenset({'fresh fruits', 'fresh vegetables'})",0.03337,0.32152,0.01959,0.5870542403356308,1.8258716108970847,1.0,0.0088608776,1.6430244992743106,0.467931230659713,0.0584252907843722,0.3913663488026631,0.3239917879956333,"packaged vegetables fruits, refrigerated","fresh fruits, fresh vegetables","packaged vegetables fruits, refrigerated → fresh fruits, fresh vegetables"
"frozenset({'refrigerated', 'fresh vegetables'})","frozenset({'fresh fruits', 'packaged vegetables fruits'})",0.0419,0.2571,0.01959,0.4675417661097852,1.8185210661601916,1.0,0.00881751,1.3952268041237113,0.4697866646164971,0.0701120217601374,0.283270650302578,0.2718688993909486,"refrigerated, fresh vegetables","fresh fruits, packaged vegetables fruits","refrigerated, fresh vegetables → fresh fruits, packaged vegetables fruits"
"frozenset({'fresh fruits', 'packaged vegetables fruits', 'soup broth bouillon'})",frozenset({'fresh vegetables'}),0.01765,0.44933,0.01509,0.854957507082153,1.902738537560708,1.0,0.0071593254999999,3.796611523437501,0.4829660674591091,0.0333930823873066,0.7366072367881907,0.4442704211350498,"fresh fruits, packaged vegetables fruits, soup broth bouillon",fresh vegetables,"fresh fruits, packaged vegetables fruits, soup broth bouillon → fresh vegetables"
"frozenset({'fresh fruits', 'soup broth bouillon', 'fresh vegetables'})",frozenset({'packaged vegetables fruits'}),0.02487,0.3423,0.01509,0.6067551266586249,1.7725828999667683,1.0,0.006576999,1.6724947852760734,0.4469675746348465,0.0428595773687798,0.4020908114012846,0.3254196316903991,"fresh fruits, soup broth bouillon, fresh vegetables",packaged vegetables fruits,"fresh fruits, soup broth bouillon, fresh vegetables → packaged vegetables fruits"
"frozenset({'packaged vegetables fruits', 'soup broth bouillon', 'fresh vegetables'})",frozenset({'fresh fruits'}),0.01793,0.57912,0.01509,0.8416062465142219,1.4532501839242675,1.0,0.0047063783999999,2.6571754929577454,0.3175814723802955,0.0259296171558182,0.6236605362911564,0.433831511155992,"packaged vegetables fruits, soup broth bouillon, fresh vegetables",fresh fruits,"packaged vegetables fruits, soup broth bouillon, fresh vegetables → fresh fruits"
"frozenset({'fresh fruits', 'soup broth bouillon'})","frozenset({'packaged vegetables fruits', 'fresh vegetables'})",0.03089,0.21588,0.01509,0.4885076076400129,2.2628664426533858,1.0,0.0084214668,1.533004227848101,0.5758712883516558,0.0651329419889502,0.3476860782023324,0.279203776026788,"fresh fruits, soup broth bouillon","packaged vegetables fruits, fresh vegetables","fresh fruits, soup broth bouillon → packaged vegetables fruits, fresh vegetables"
"frozenset({'packaged vegetables fruits', 'soup broth bouillon'})","frozenset({'fresh fruits', 'fresh vegetables'})",0.02159,0.32152,0.01509,0.698934691987031,2.1738451480064414,1.0,0.0081483832,2.2535974153846148,0.5519011793312107,0.0460032924821657,0.5562650217943506,0.372934004366245,"packaged vegetables fruits, soup broth bouillon","fresh fruits, fresh vegetables","packaged vegetables fruits, soup broth bouillon → fresh fruits, fresh vegetables"
"frozenset({'soup broth bouillon', 'fresh vegetables'})","frozenset({'fresh fruits', 'packaged vegetables fruits'})",0.03229,0.2571,0.01509,0.4673273459275317,1.8176870708966617,1.0,0.006788241,1.3946651744186047,0.4648606485524957,0.0550127597520962,0.2829820244010388,0.2630102307233924,"soup broth bouillon, fresh vegetables","fresh fruits, packaged vegetables fruits","soup broth bouillon, fresh vegetables → fresh fruits, packaged vegetables fruits"
frozenset({'soup broth bouillon'}),"frozenset({'fresh fruits', 'packaged vegetables fruits', 'fresh vegetables'})",0.04343,0.17477,0.01509,0.3474556758001381,1.9880739017001663,1.0,0.0074997388999999,1.2646344001411434,0.5195653112627051,0.0742947171483432,0.2092576321754396,0.2168988626754881,soup broth bouillon,"fresh fruits, packaged vegetables fruits, fresh vegetables","soup broth bouillon → fresh fruits, packaged vegetables fruits, fresh vegetables"
"frozenset({'fresh fruits', 'packaged vegetables fruits', 'soy lactosefree'})",frozenset({'fresh vegetables'}),0.05527,0.44933,0.04037,0.7304143296544238,1.6255632378306006,1.0,0.0155355309,2.0426530805369127,0.4073424236312349,0.0869612045753182,0.5104406080854663,0.4101296049046605,"fresh fruits, packaged vegetables fruits, soy lactosefree",fresh vegetables,"fresh fruits, packaged vegetables fruits, soy lactosefree → fresh vegetables"
"frozenset({'fresh fruits', 'soy lactosefree', 'fresh vegetables'})",frozenset({'packaged vegetables fruits'}),0.06487,0.3423,0.04037,0.6223215662093419,1.81805891384558,1.0,0.018164999,1.7414285306122452,0.4811767550233062,0.1100599781897492,0.425758805244552,0.3701295239752523,"fresh fruits, soy lactosefree, fresh vegetables",packaged vegetables fruits,"fresh fruits, soy lactosefree, fresh vegetables → packaged vegetables fruits"
"frozenset({'packaged vegetables fruits', 'soy lactosefree', 'fresh vegetables'})",frozenset({'fresh fruits'}),0.04676,0.57912,0.04037,0.863344739093242,1.4907872964035815,1.0,0.0132903488,3.079866791862284,0.3453626528153251,0.0689484381137811,0.6753106327058593,0.4665269765365367,"packaged vegetables fruits, soy lactosefree, fresh vegetables",fresh fruits,"packaged vegetables fruits, soy lactosefree, fresh vegetables → fresh fruits"
"frozenset({'fresh fruits', 'soy lactosefree'})","frozenset({'packaged vegetables fruits', 'fresh vegetables'})",0.10194,0.21588,0.04037,0.3960172650578772,1.834432393264208,1.0,0.0183631928,1.2982490303719347,0.5065054135269734,0.145503694359344,0.2297317566926965,0.2915096516136153,"fresh fruits, soy lactosefree","packaged vegetables fruits, fresh vegetables","fresh fruits, soy lactosefree → packaged vegetables fruits, fresh vegetables"
"frozenset({'packaged vegetables fruits', 'soy lactosefree'})","frozenset({'fresh fruits', 'fresh vegetables'})",0.06685,0.32152,0.04037,0.6038893044128646,1.8782324720479744,1.0,0.018876388,1.7128545317220545,0.501081865699468,0.1160057471264368,0.4161792601297969,0.3647245725846358,"packaged vegetables fruits, soy lactosefree","fresh fruits, fresh vegetables","packaged vegetables fruits, soy lactosefree → fresh fruits, fresh vegetables"
"frozenset({'soy lactosefree', 'fresh vegetables'})","frozenset({'fresh fruits', 'packaged vegetables fruits'})",0.08036,0.2571,0.04037,0.5023643603782977,1.9539648400556116,1.0,0.019709444,1.4928593148287073,0.5308817193730815,0.1358847487293413,0.3301445152487517,0.3296924874625833,"soy lactosefree, fresh vegetables","fresh fruits, packaged vegetables fruits","soy lactosefree, fresh vegetables → fresh fruits, packaged vegetables fruits"
"frozenset({'fresh fruits', 'packaged vegetables fruits', 'spreads'})",frozenset({'fresh vegetables'}),0.01536,0.44933,0.01094,0.7122395833333334,1.5851146892781105,1.0,0.0040382911999999,1.9136405429864256,0.3748891195453203,0.0241101928374655,0.4774358206064129,0.3682934724803225,"fresh fruits, packaged vegetables fruits, spreads",fresh vegetables,"fresh fruits, packaged vegetables fruits, spreads → fresh vegetables"
"frozenset({'fresh fruits', 'spreads', 'fresh vegetables'})",frozenset({'packaged vegetables fruits'}),0.01746,0.3423,0.01094,0.6265750286368843,1.8304850383782771,1.0,0.004963442,1.7612641104294475,0.4617590218449969,0.0313628805687747,0.4322259824188602,0.3292676487034845,"fresh fruits, spreads, fresh vegetables",packaged vegetables fruits,"fresh fruits, spreads, fresh vegetables → packaged vegetables fruits"
"frozenset({'packaged vegetables fruits', 'spreads', 'fresh vegetables'})",frozenset({'fresh fruits'}),0.01231,0.57912,0.01094,0.8887083671811535,1.5345841400420528,1.0,0.0038110328,3.781775766423358,0.3526993894475362,0.0188461472204516,0.7355739573777645,0.4537995489725356,"packaged vegetables fruits, spreads, fresh vegetables",fresh fruits,"packaged vegetables fruits, spreads, fresh vegetables → fresh fruits"
"frozenset({'fresh fruits', 'spreads'})","frozenset({'packaged vegetables fruits', 'fresh vegetables'})",0.02883,0.21588,0.01094,0.3794658342004856,1.7577628043379914,1.0,0.0047161796,1.2636209949692565,0.4438924466594968,0.0467981349189374,0.2086234686023639,0.2150710679247749,"fresh fruits, spreads","packaged vegetables fruits, fresh vegetables","fresh fruits, spreads → packaged vegetables fruits, fresh vegetables"
"frozenset({'packaged vegetables fruits', 'spreads'})","frozenset({'fresh fruits', 'fresh vegetables'})",0.01822,0.32152,0.01094,0.6004390779363337,1.8675014864902144,1.0,0.0050819056,1.698063956043956,0.4731459104444217,0.033272506082725,0.4110940306808361,0.3172324775100927,"packaged vegetables fruits, spreads","fresh fruits, fresh vegetables","packaged vegetables fruits, spreads → fresh fruits, fresh vegetables"
"frozenset({'spreads', 'fresh vegetables'})","frozenset({'fresh fruits', 'packaged vegetables fruits'})",0.02108,0.2571,0.01094,0.5189753320683111,2.0185738314597867,1.0,0.005520332,1.5444114398422089,0.5154667707896722,0.0409369854812153,0.3525041486987632,0.2807634342177417,"spreads, fresh vegetables","fresh fruits, packaged vegetables fruits","spreads, fresh vegetables → fresh fruits, packaged vegetables fruits"
"frozenset({'fresh fruits', 'water seltzer sparkling water', 'packaged vegetables fruits'})",frozenset({'fresh vegetables'}),0.04732,0.44933,0.03216,0.6796280642434489,1.5125365861247833,1.0,0.0108977044,1.718845936675462,0.3556902293127719,0.0692372279274042,0.4182142921231389,0.3756006477494368,"fresh fruits, water seltzer sparkling water, packaged vegetables fruits",fresh vegetables,"fresh fruits, water seltzer sparkling water, packaged vegetables fruits → fresh vegetables"
"frozenset({'fresh fruits', 'water seltzer sparkling water', 'fresh vegetables'})",frozenset({'packaged vegetables fruits'}),0.05489,0.3423,0.03216,0.5858990708690107,1.7116537273415446,1.0,0.013371153,1.5882601407831058,0.4399167111085703,0.0881023477522395,0.3703802202660951,0.339925871981394,"fresh fruits, water seltzer sparkling water, fresh vegetables",packaged vegetables fruits,"fresh fruits, water seltzer sparkling water, fresh vegetables → packaged vegetables fruits"
"frozenset({'water seltzer sparkling water', 'packaged vegetables fruits', 'fresh vegetables'})",frozenset({'fresh fruits'}),0.0384,0.57912,0.03216,0.8375000000000001,1.4461596905649954,1.0,0.009921792,2.590030769230772,0.3208334368092981,0.054940549405494,0.6139042007222965,0.446516266058848,"water seltzer sparkling water, packaged vegetables fruits, fresh vegetables",fresh fruits,"water seltzer sparkling water, packaged vegetables fruits, fresh vegetables → fresh fruits"
"frozenset({'fresh fruits', 'water seltzer sparkling water'})","frozenset({'packaged vegetables fruits', 'fresh vegetables'})",0.09965,0.21588,0.03216,0.3227295534370296,1.4949488300770315,1.0,0.010647558,1.1577649725885315,0.3677245333282496,0.1134911952570844,0.1362668385413324,0.2358506021771029,"fresh fruits, water seltzer sparkling water","packaged vegetables fruits, fresh vegetables","fresh fruits, water seltzer sparkling water → packaged vegetables fruits, fresh vegetables"
"frozenset({'water seltzer sparkling water', 'packaged vegetables fruits'})","frozenset({'fresh fruits', 'fresh vegetables'})",0.06053,0.32152,0.03216,0.531306790021477,1.6524844178324116,1.0,0.0126983944,1.4475993796263658,0.4202907726050896,0.0919146017319729,0.3092011408169393,0.3156658359164364,"water seltzer sparkling water, packaged vegetables fruits","fresh fruits, fresh vegetables","water seltzer sparkling water, packaged vegetables fruits → fresh fruits, fresh vegetables"
"frozenset({'water seltzer sparkling water', 'fresh vegetables'})","frozenset({'fresh fruits', 'packaged vegetables fruits'})",0.07161,0.2571,0.03216,0.4490992878089653,1.7467883617618254,1.0,0.013749069,1.3485188593155897,0.4604969918232704,0.1084471421345473,0.2584456694157562,0.2870934011973648,"water seltzer sparkling water, fresh vegetables","fresh fruits, packaged vegetables fruits","water seltzer sparkling water, fresh vegetables → fresh fruits, packaged vegetables fruits"
"frozenset({'fresh fruits', 'yogurt', 'packaged vegetables fruits'})",frozenset({'fresh vegetables'}),0.07823,0.44933,0.05584,0.7137926626613832,1.5885711229194204,1.0,0.0206889141,1.924024747655204,0.4019478568437521,0.1183753073857373,0.4802561655099845,0.4190332908036847,"fresh fruits, yogurt, packaged vegetables fruits",fresh vegetables,"fresh fruits, yogurt, packaged vegetables fruits → fresh vegetables"
"frozenset({'fresh fruits', 'yogurt', 'fresh vegetables'})",frozenset({'packaged vegetables fruits'}),0.09079,0.3423,0.05584,0.6150457098799428,1.796803125562205,1.0,0.024762583,1.7085145350500717,0.4877377055726044,0.1480185553346587,0.4146962291013271,0.3890887328248676,"fresh fruits, yogurt, fresh vegetables",packaged vegetables fruits,"fresh fruits, yogurt, fresh vegetables → packaged vegetables fruits"
"frozenset({'fresh fruits', 'packaged vegetables fruits', 'fresh vegetables'})",frozenset({'yogurt'}),0.17477,0.20368,0.05584,0.3195056359787149,1.568664748520792,1.0,0.0202428464,1.1702080753384343,0.4392898435504322,0.1730882489693438,0.145451120125973,0.2968305870388468,"fresh fruits, packaged vegetables fruits, fresh vegetables",yogurt,"fresh fruits, packaged vegetables fruits, fresh vegetables → yogurt"
"frozenset({'yogurt', 'packaged vegetables fruits', 'fresh vegetables'})",frozenset({'fresh fruits'}),0.06342,0.57912,0.05584,0.880479344055503,1.5203746098485686,1.0,0.0191122096,3.5213996833773087,0.365443810349194,0.0951764104312255,0.7160220111563937,0.4884507509060496,"yogurt, packaged vegetables fruits, fresh vegetables",fresh fruits,"yogurt, packaged vegetables fruits, fresh vegetables → fresh fruits"
"frozenset({'fresh fruits', 'yogurt'})","frozenset({'packaged vegetables fruits', 'fresh vegetables'})",0.14829,0.21588,0.05584,0.3765594443320521,1.7442998162500096,1.0,0.0238271548,1.2577301763115198,0.5009968904962776,0.1811046605909253,0.2049169059991482,0.317610832041883,"fresh fruits, yogurt","packaged vegetables fruits, fresh vegetables","fresh fruits, yogurt → packaged vegetables fruits, fresh vegetables"
"frozenset({'yogurt', 'packaged vegetables fruits'})","frozenset({'fresh fruits', 'fresh vegetables'})",0.0928,0.32152,0.05584,0.6017241379310345,1.87149831404278,1.0,0.026002944,1.7035428571428572,0.5133033155955793,0.1557688016067842,0.412988058499933,0.3876995907371022,"yogurt, packaged vegetables fruits","fresh fruits, fresh vegetables","yogurt, packaged vegetables fruits → fresh fruits, fresh vegetables"
"frozenset({'yogurt', 'fresh vegetables'})","frozenset({'fresh fruits', 'packaged vegetables fruits'})",0.10979,0.2571,0.05584,0.5086073412879133,1.978247146199585,1.0,0.027612991,1.5118255977757182,0.5554891405649786,0.1795209773348336,0.338548043192776,0.3628995477345829,"yogurt, fresh vegetables","fresh fruits, packaged vegetables fruits","yogurt, fresh vegetables → fresh fruits, packaged vegetables fruits"
"frozenset({'fresh fruits', 'yogurt', 'refrigerated'})",frozenset({'fresh vegetables'}),0.01722,0.44933,0.01063,0.6173054587688734,1.3738353966324826,1.0,0.0028925374,1.4389282852807286,0.2768786116876164,0.0233154939463063,0.3050383328833483,0.3204814521494424,"fresh fruits, yogurt, refrigerated",fresh vegetables,"fresh fruits, yogurt, refrigerated → fresh vegetables"
"frozenset({'fresh fruits', 'refrigerated', 'fresh vegetables'})",frozenset({'yogurt'}),0.03331,0.20368,0.01063,0.3191233863704593,1.5667880320623495,1.0,0.0038454192,1.1695511111111112,0.3742167303120958,0.0469605937444778,0.1449711000231808,0.1856565478592281,"fresh fruits, refrigerated, fresh vegetables",yogurt,"fresh fruits, refrigerated, fresh vegetables → yogurt"
"frozenset({'yogurt', 'refrigerated', 'fresh vegetables'})",frozenset({'fresh fruits'}),0.01228,0.57912,0.01063,0.8656351791530945,1.494742331732792,1.0,0.0035184064,3.1323675151515165,0.3351034428082593,0.0183032870155138,0.6807526590788218,0.4419953074933866,"yogurt, refrigerated, fresh vegetables",fresh fruits,"yogurt, refrigerated, fresh vegetables → fresh fruits"
"frozenset({'yogurt', 'refrigerated'})","frozenset({'fresh fruits', 'fresh vegetables'})",0.02191,0.32152,0.01063,0.4851665905979005,1.5089779503542566,1.0,0.0035854968,1.317863191489362,0.344855578769408,0.0319411057692307,0.2411958946437634,0.2591141487450811,"yogurt, refrigerated","fresh fruits, fresh vegetables","yogurt, refrigerated → fresh fruits, fresh vegetables"
"frozenset({'fresh fruits', 'water seltzer sparkling water', 'soy lactosefree'})",frozenset({'fresh vegetables'}),0.02099,0.44933,0.01325,0.6312529776083848,1.4048760990995144,1.0,0.0038185632999999,1.4933544315245473,0.2943723318492901,0.0289889951210974,0.3303666036072145,0.3303706634642418,"fresh fruits, water seltzer sparkling water, soy lactosefree",fresh vegetables,"fresh fruits, water seltzer sparkling water, soy lactosefree → fresh vegetables"
"frozenset({'water seltzer sparkling water', 'soy lactosefree', 'fresh vegetables'})",frozenset({'fresh fruits'}),0.01555,0.57912,0.01325,0.8520900321543409,1.4713531429657771,1.0,0.004244684,2.8455147826086966,0.3254136923500048,0.0227890337449692,0.6485697399599432,0.4374847867637293,"water seltzer sparkling water, soy lactosefree, fresh vegetables",fresh fruits,"water seltzer sparkling water, soy lactosefree, fresh vegetables → fresh fruits"
"frozenset({'water seltzer sparkling water', 'soy lactosefree'})","frozenset({'fresh fruits', 'fresh vegetables'})",0.02812,0.32152,0.01325,0.4711948790896159,1.4655227640259267,1.0,0.0042088576,1.283043550773369,0.3268403817227223,0.0393888046612562,0.2206032294092913,0.2562026896070125,"water seltzer sparkling water, soy lactosefree","fresh fruits, fresh vegetables","water seltzer sparkling water, soy lactosefree → fresh fruits, fresh vegetables"
"frozenset({'fresh fruits', 'yogurt', 'soy lactosefree'})",frozenset({'fresh vegetables'}),0.03,0.44933,0.01948,0.6493333333333334,1.4451145780013206,1.0,0.0060001,1.5703517110266163,0.3175395330129766,0.0423616396651081,0.3631999806296573,0.3463433853366865,"fresh fruits, yogurt, soy lactosefree",fresh vegetables,"fresh fruits, yogurt, soy lactosefree → fresh vegetables"
"frozenset({'fresh fruits', 'soy lactosefree', 'fresh vegetables'})",frozenset({'yogurt'}),0.06487,0.20368,0.01948,0.3002928934792662,1.474336672620121,1.0,0.0062672784,1.1380761929940515,0.344047213367714,0.0782109447143373,0.1213242082068342,0.1979665567160667,"fresh fruits, soy lactosefree, fresh vegetables",yogurt,"fresh fruits, soy lactosefree, fresh vegetables → yogurt"
"frozenset({'yogurt', 'soy lactosefree', 'fresh vegetables'})",frozenset({'fresh fruits'}),0.02239,0.57912,0.01948,0.8700312639571237,1.502333305631171,1.0,0.0065135032,3.2383172508591067,0.3420267258244749,0.0334690651684621,0.6911976429317709,0.4518342533351028,"yogurt, soy lactosefree, fresh vegetables",fresh fruits,"yogurt, soy lactosefree, fresh vegetables → fresh fruits"
"frozenset({'yogurt', 'soy lactosefree'})","frozenset({'fresh fruits', 'fresh vegetables'})",0.03763,0.32152,0.01948,0.5176720701567898,1.610077351818829,1.0,0.0073812024,1.4066778181818185,0.3937278048104165,0.0573497806694733,0.2891051617686444,0.2891296404528662,"yogurt, soy lactosefree","fresh fruits, fresh vegetables","yogurt, soy lactosefree → fresh fruits, fresh vegetables"
"frozenset({'fresh fruits', 'yogurt', 'water seltzer sparkling water'})",frozenset({'fresh vegetables'}),0.02892,0.44933,0.017,0.5878284923928078,1.3082333527536727,1.0,0.0040053764,1.3360215100671142,0.2426271537572478,0.0368563685636856,0.2515090569539066,0.3128313004772219,"fresh fruits, yogurt, water seltzer sparkling water",fresh vegetables,"fresh fruits, yogurt, water seltzer sparkling water → fresh vegetables"
"frozenset({'fresh fruits', 'water seltzer sparkling water', 'fresh vegetables'})",frozenset({'yogurt'}),0.05489,0.20368,0.017,0.3097103297504099,1.520573103644982,1.0,0.0058200048,1.1536026603325416,0.3622363783362908,0.0703729767769176,0.1331504040466268,0.1965872937047414,"fresh fruits, water seltzer sparkling water, fresh vegetables",yogurt,"fresh fruits, water seltzer sparkling water, fresh vegetables → yogurt"
"frozenset({'yogurt', 'water seltzer sparkling water', 'fresh vegetables'})",frozenset({'fresh fruits'}),0.0194,0.57912,0.017,0.8762886597938144,1.51313831294691,1.0,0.005765072,3.4021133333333333,0.3458310038271887,0.0292337322877975,0.7060650536823191,0.4528217715324922,"yogurt, water seltzer sparkling water, fresh vegetables",fresh fruits,"yogurt, water seltzer sparkling water, fresh vegetables → fresh fruits"
"frozenset({'yogurt', 'water seltzer sparkling water'})","frozenset({'fresh fruits', 'fresh vegetables'})",0.03743,0.32152,0.017,0.4541811381244991,1.4126061772968996,1.0,0.0049655064,1.2430497503671072,0.30344661870275,0.0497148705951162,0.1955269692909137,0.253527493670361,"yogurt, water seltzer sparkling water","fresh fruits, fresh vegetables","yogurt, water seltzer sparkling water → fresh fruits, fresh vegetables"
"frozenset({'fresh fruits', 'frozen produce', 'packaged vegetables fruits'})",frozenset({'milk'}),0.04345,0.23003,0.01385,0.3187571921749136,1.3857200894444797,1.0,0.0038551964999999,1.130243125,0.2909973737976447,0.0533451450140584,0.1152346093677852,0.1894833650306381,"fresh fruits, frozen produce, packaged vegetables fruits",milk,"fresh fruits, frozen produce, packaged vegetables fruits → milk"
"frozenset({'fresh fruits', 'frozen produce', 'milk'})",frozenset({'packaged vegetables fruits'}),0.02192,0.3423,0.01385,0.6318430656934306,1.845875155400031,1.0,0.006346784,1.7864664188351915,0.4685215446042966,0.0395296400947569,0.4402357696418286,0.3361523245498996,"fresh fruits, frozen produce, milk",packaged vegetables fruits,"fresh fruits, frozen produce, milk → packaged vegetables fruits"
"frozenset({'frozen produce', 'packaged vegetables fruits', 'milk'})",frozenset({'fresh fruits'}),0.01554,0.57912,0.01385,0.8912483912483912,1.5389701465126246,1.0,0.0048504751999999,3.87010366863905,0.3557430630848145,0.0238460081610165,0.7416089889003782,0.4575819936625986,"frozen produce, packaged vegetables fruits, milk",fresh fruits,"frozen produce, packaged vegetables fruits, milk → fresh fruits"
"frozenset({'frozen produce', 'milk'})","frozenset({'fresh fruits', 'packaged vegetables fruits'})",0.0263,0.2571,0.01385,0.526615969581749,2.048292374880393,1.0,0.00708827,1.5693389558232933,0.5256120444217208,0.051381932851048,0.3627890289160709,0.2902430295205517,"frozen produce, milk","fresh fruits, packaged vegetables fruits","frozen produce, milk → fresh fruits, packaged vegetables fruits"
"frozenset({'fresh fruits', 'frozen produce', 'packaged vegetables fruits'})",frozenset({'packaged cheese'}),0.04345,0.16892,0.01356,0.3120828538550057,1.8475186707021416,1.0,0.0062204259999999,1.208110605553697,0.4795708335434203,0.0682058246567074,0.1722612189620803,0.1961787700485069,"fresh fruits, frozen produce, packaged vegetables fruits",packaged cheese,"fresh fruits, frozen produce, packaged vegetables fruits → packaged cheese"
"frozenset({'fresh fruits', 'frozen produce', 'packaged cheese'})",frozenset({'packaged vegetables fruits'}),0.02021,0.3423,0.01356,0.6709549727857497,1.960137226952234,1.0,0.0066421169999999,1.9988145864661653,0.4999353301913078,0.0388594354492047,0.4997034708617146,0.3552846730712271,"fresh fruits, frozen produce, packaged cheese",packaged vegetables fruits,"fresh fruits, frozen produce, packaged cheese → packaged vegetables fruits"
"frozenset({'frozen produce', 'packaged vegetables fruits', 'packaged cheese'})",frozenset({'fresh fruits'}),0.01538,0.57912,0.01356,0.881664499349805,1.5224210860440064,1.0,0.0046531344,3.5566672527472534,0.3485116130332298,0.0233414810479567,0.7188379094986812,0.4525396678265809,"frozen produce, packaged vegetables fruits, packaged cheese",fresh fruits,"frozen produce, packaged vegetables fruits, packaged cheese → fresh fruits"
"frozenset({'frozen produce', 'packaged cheese'})","frozenset({'fresh fruits', 'packaged vegetables fruits'})",0.02423,0.2571,0.01356,0.5596368138671068,2.176728175290186,1.0,0.0073304669999999,1.6870165885660728,0.5540187867063188,0.0506404750345445,0.4072376011133488,0.306189468777194,"frozen produce, packaged cheese","fresh fruits, packaged vegetables fruits","frozen produce, packaged cheese → fresh fruits, packaged vegetables fruits"
"frozenset({'fresh fruits', 'frozen produce', 'packaged vegetables fruits'})",frozenset({'soy lactosefree'}),0.04345,0.14592,0.01324,0.3047180667433832,2.088254295116387,1.0,0.006899776,1.2283937768950677,0.5448027994613699,0.0751717481405779,0.1859287967677304,0.1977263579330951,"fresh fruits, frozen produce, packaged vegetables fruits",soy lactosefree,"fresh fruits, frozen produce, packaged vegetables fruits → soy lactosefree"
"frozenset({'fresh fruits', 'frozen produce', 'soy lactosefree'})",frozenset({'packaged vegetables fruits'}),0.01981,0.3423,0.01324,0.6683493185259969,1.9525250322115013,1.0,0.006459037,1.9831106544901056,0.4977021533743581,0.0379510992633359,0.4957417037038116,0.3535144197070534,"fresh fruits, frozen produce, soy lactosefree",packaged vegetables fruits,"fresh fruits, frozen produce, soy lactosefree → packaged vegetables fruits"
"frozenset({'frozen produce', 'packaged vegetables fruits', 'soy lactosefree'})",frozenset({'fresh fruits'}),0.0151,0.57912,0.01324,0.8768211920529801,1.5140578672002007,1.0,0.004495288,3.416821505376345,0.3447286656918257,0.0227890805191228,0.707330336563819,0.4498417329238516,"frozen produce, packaged vegetables fruits, soy lactosefree",fresh fruits,"frozen produce, packaged vegetables fruits, soy lactosefree → fresh fruits"
"frozenset({'frozen produce', 'soy lactosefree'})","frozenset({'fresh fruits', 'packaged vegetables fruits'})",0.02421,0.2571,0.01324,0.546881453944651,2.127115729072933,1.0,0.007015609,1.639526800364631,0.5430265055358817,0.0493900846793747,0.390067914853481,0.2991894628727534,"frozen produce, soy lactosefree","fresh fruits, packaged vegetables fruits","frozen produce, soy lactosefree → fresh fruits, packaged vegetables fruits"
"frozenset({'fresh fruits', 'yogurt', 'frozen produce'})",frozenset({'packaged vegetables fruits'}),0.024,0.3423,0.01529,0.6370833333333333,1.86118414646022,1.0,0.0070747999999999,1.8122617680826636,0.474085709078043,0.0435600125352554,0.4482033348537834,0.3408758764241893,"fresh fruits, yogurt, frozen produce",packaged vegetables fruits,"fresh fruits, yogurt, frozen produce → packaged vegetables fruits"
"frozenset({'fresh fruits', 'frozen produce', 'packaged vegetables fruits'})",frozenset({'yogurt'}),0.04345,0.20368,0.01529,0.3518987341772152,1.7277039187805143,1.0,0.0064401039999999,1.228696875,0.4403294363098198,0.0659506556245686,0.186129613945669,0.2134837347241142,"fresh fruits, frozen produce, packaged vegetables fruits",yogurt,"fresh fruits, frozen produce, packaged vegetables fruits → yogurt"
"frozenset({'yogurt', 'frozen produce', 'packaged vegetables fruits'})",frozenset({'fresh fruits'}),0.01703,0.57912,0.01529,0.8978273634762184,1.5503304383827503,1.0,0.0054275864,4.119302528735631,0.3611261989190631,0.0263230382536239,0.7572404568433244,0.4621147454209383,"yogurt, frozen produce, packaged vegetables fruits",fresh fruits,"yogurt, frozen produce, packaged vegetables fruits → fresh fruits"
"frozenset({'yogurt', 'frozen produce'})","frozenset({'fresh fruits', 'packaged vegetables fruits'})",0.02816,0.2571,0.01529,0.54296875,2.111897121742513,1.0,0.008050064,1.6254905982905985,0.5417477016082227,0.0566359225099085,0.3848011172432359,0.3012198864741345,"yogurt, frozen produce","fresh fruits, packaged vegetables fruits","yogurt, frozen produce → fresh fruits, packaged vegetables fruits"
"frozenset({'fresh fruits', 'packaged vegetables fruits', 'lunch meat'})",frozenset({'milk'}),0.03204,0.23003,0.01259,0.3929463171036205,1.7082394344373364,1.0,0.0052198388,1.268372174807198,0.4283255194608407,0.0504649671316337,0.2115878762855961,0.2238391542914963,"fresh fruits, packaged vegetables fruits, lunch meat",milk,"fresh fruits, packaged vegetables fruits, lunch meat → milk"
"frozenset({'fresh fruits', 'milk', 'lunch meat'})",frozenset({'packaged vegetables fruits'}),0.02028,0.3423,0.01259,0.6208086785009862,1.8136391425678824,1.0,0.005648156,1.734480624187256,0.4579087889694506,0.0359724563558958,0.4234585350478732,0.3287946401561314,"fresh fruits, milk, lunch meat",packaged vegetables fruits,"fresh fruits, milk, lunch meat → packaged vegetables fruits"
"frozenset({'milk', 'packaged vegetables fruits', 'lunch meat'})",frozenset({'fresh fruits'}),0.01392,0.57912,0.01259,0.9044540229885056,1.5617730746451612,1.0,0.0045286496,4.404999699248121,0.3647798482759278,0.0216900680506503,0.7729852285414032,0.4630969520937832,"milk, packaged vegetables fruits, lunch meat",fresh fruits,"milk, packaged vegetables fruits, lunch meat → fresh fruits"
"frozenset({'packaged vegetables fruits', 'lunch meat'})","frozenset({'fresh fruits', 'milk'})",0.03777,0.15639,0.01259,0.3333333333333333,2.131423577807618,1.0,0.0066831497,1.265415,0.5516664414952767,0.0693396486203668,0.2097454194868877,0.2069186009335635,"packaged vegetables fruits, lunch meat","fresh fruits, milk","packaged vegetables fruits, lunch meat → fresh fruits, milk"
"frozenset({'milk', 'lunch meat'})","frozenset({'fresh fruits', 'packaged vegetables fruits'})",0.02487,0.2571,0.01259,0.5062324085243265,1.9690097569985472,1.0,0.006195923,1.504553990228013,0.5046819402511876,0.0467369515183012,0.3353512027518192,0.2776008405904402,"milk, lunch meat","fresh fruits, packaged vegetables fruits","milk, lunch meat → fresh fruits, packaged vegetables fruits"
"frozenset({'fresh fruits', 'packaged vegetables fruits', 'lunch meat'})",frozenset({'packaged cheese'}),0.03204,0.16892,0.01308,0.4082397003745318,2.416763558930452,1.0,0.0076678032,1.40442,0.6056278009819952,0.0696189056844794,0.2879622904829039,0.2428364024013317,"fresh fruits, packaged vegetables fruits, lunch meat",packaged cheese,"fresh fruits, packaged vegetables fruits, lunch meat → packaged cheese"
"frozenset({'fresh fruits', 'packaged cheese', 'lunch meat'})",frozenset({'packaged vegetables fruits'}),0.02023,0.3423,0.01308,0.6465645081562036,1.88888258298628,1.0,0.0061552709999999,1.8608770629370623,0.4803029975299389,0.0374302475318357,0.4626189876177644,0.342388301405008,"fresh fruits, packaged cheese, lunch meat",packaged vegetables fruits,"fresh fruits, packaged cheese, lunch meat → packaged vegetables fruits"
"frozenset({'packaged vegetables fruits', 'packaged cheese', 'lunch meat'})",frozenset({'fresh fruits'}),0.01502,0.57912,0.01308,0.8708388814913448,1.5037278655396893,1.0,0.0043816176,3.258565773195875,0.340094270996235,0.0225105841049117,0.6931165213156834,0.4467124370158755,"packaged vegetables fruits, packaged cheese, lunch meat",fresh fruits,"packaged vegetables fruits, packaged cheese, lunch meat → fresh fruits"
"frozenset({'packaged vegetables fruits', 'lunch meat'})","frozenset({'fresh fruits', 'packaged cheese'})",0.03777,0.1199,0.01308,0.3463065925337569,2.888295183767781,1.0,0.0085513769999999,1.3463498177399758,0.6794373486588445,0.090462687599419,0.2572509857218009,0.227698750812333,"packaged vegetables fruits, lunch meat","fresh fruits, packaged cheese","packaged vegetables fruits, lunch meat → fresh fruits, packaged cheese"
"frozenset({'packaged cheese', 'lunch meat'})","frozenset({'fresh fruits', 'packaged vegetables fruits'})",0.02522,0.2571,0.01308,0.5186360031720857,2.0172539991135188,1.0,0.006595938,1.5433227347611205,0.5173235042825942,0.0485811915020056,0.3520473861516835,0.2847555745148643,"packaged cheese, lunch meat","fresh fruits, packaged vegetables fruits","packaged cheese, lunch meat → fresh fruits, packaged vegetables fruits"
"frozenset({'fresh fruits', 'yogurt', 'lunch meat'})",frozenset({'packaged vegetables fruits'}),0.01992,0.3423,0.01295,0.6501004016064257,1.8992123914882435,1.0,0.006131384,1.8796820659971305,0.4830890804280732,0.0370773327225355,0.4679951370023197,0.3439663562224357,"fresh fruits, yogurt, lunch meat",packaged vegetables fruits,"fresh fruits, yogurt, lunch meat → packaged vegetables fruits"
"frozenset({'fresh fruits', 'packaged vegetables fruits', 'lunch meat'})",frozenset({'yogurt'}),0.03204,0.20368,0.01295,0.4041822721598002,1.984398429692656,1.0,0.0064240928,1.3365161236249348,0.5124890926122382,0.0581317053463213,0.2517860560576153,0.2338811989235764,"fresh fruits, packaged vegetables fruits, lunch meat",yogurt,"fresh fruits, packaged vegetables fruits, lunch meat → yogurt"
"frozenset({'yogurt', 'packaged vegetables fruits', 'lunch meat'})",frozenset({'fresh fruits'}),0.01427,0.57912,0.01295,0.9074982480728802,1.5670297141747482,1.0,0.0046859576,4.549967878787879,0.3670883585992186,0.0223106608779546,0.7802182286468355,0.4649298810470769,"yogurt, packaged vegetables fruits, lunch meat",fresh fruits,"yogurt, packaged vegetables fruits, lunch meat → fresh fruits"
"frozenset({'yogurt', 'lunch meat'})","frozenset({'fresh fruits', 'packaged vegetables fruits'})",0.02368,0.2571,0.01295,0.546875,2.1270906262154803,1.0,0.006861872,1.639503448275862,0.5427260383012595,0.0483515662920509,0.3900592273522681,0.2986222530143912,"yogurt, lunch meat","fresh fruits, packaged vegetables fruits","yogurt, lunch meat → fresh fruits, packaged vegetables fruits"
"frozenset({'packaged vegetables fruits', 'lunch meat'})","frozenset({'fresh fruits', 'yogurt'})",0.03777,0.14829,0.01295,0.342864707439767,2.3121229175248974,1.0,0.0073490867,1.29609535455278,0.589772759601179,0.0748079255964415,0.2284518291904134,0.2150967950173412,"packaged vegetables fruits, lunch meat","fresh fruits, yogurt","packaged vegetables fruits, lunch meat → fresh fruits, yogurt"
"frozenset({'fresh fruits', 'packaged vegetables fruits', 'packaged cheese'})",frozenset({'milk'}),0.06753,0.23003,0.02779,0.4115208055678956,1.7889875475716022,1.0,0.0122560740999999,1.3084064947156515,0.472963866685922,0.1030136783185676,0.2357115284594148,0.2661655673277029,"fresh fruits, packaged vegetables fruits, packaged cheese",milk,"fresh fruits, packaged vegetables fruits, packaged cheese → milk"
"frozenset({'fresh fruits', 'packaged vegetables fruits', 'milk'})",frozenset({'packaged cheese'}),0.07797,0.16892,0.02779,0.3564191355649608,2.109987778622785,1.0,0.0146193076,1.291337337584695,0.5705493374548877,0.1268370607028754,0.2256090094394773,0.2604674413320897,"fresh fruits, packaged vegetables fruits, milk",packaged cheese,"fresh fruits, packaged vegetables fruits, milk → packaged cheese"
"frozenset({'fresh fruits', 'packaged cheese', 'milk'})",frozenset({'packaged vegetables fruits'}),0.04602,0.3423,0.02779,0.6038678835289004,1.7641480675690926,1.0,0.012037354,1.660304662643993,0.4540495148444251,0.0770809641361329,0.3977009024310483,0.342526988799215,"fresh fruits, packaged cheese, milk",packaged vegetables fruits,"fresh fruits, packaged cheese, milk → packaged vegetables fruits"
"frozenset({'packaged vegetables fruits', 'packaged cheese', 'milk'})",frozenset({'fresh fruits'}),0.03158,0.57912,0.02779,0.8799873337555415,1.5195250272060048,1.0,0.0095013904,3.506963166226914,0.3530489029221104,0.0476745981369336,0.7148530074024461,0.4639869670573535,"packaged vegetables fruits, packaged cheese, milk",fresh fruits,"packaged vegetables fruits, packaged cheese, milk → fresh fruits"
"frozenset({'packaged vegetables fruits', 'packaged cheese'})","frozenset({'fresh fruits', 'milk'})",0.08165,0.15639,0.02779,0.3403551745254133,2.176323131436878,1.0,0.0150207565,1.2788851930932046,0.588565808090229,0.1321759809750297,0.2180689827354029,0.2590259791036172,"packaged vegetables fruits, packaged cheese","fresh fruits, milk","packaged vegetables fruits, packaged cheese → fresh fruits, milk"
"frozenset({'packaged cheese', 'milk'})","frozenset({'fresh fruits', 'packaged vegetables fruits'})",0.05748,0.2571,0.02779,0.4834725121781488,1.8804842947419247,1.0,0.0130118919999999,1.438258403502863,0.4967768262514508,0.0969001708567244,0.3047146482408788,0.2957813747199573,"packaged cheese, milk","fresh fruits, packaged vegetables fruits","packaged cheese, milk → fresh fruits, packaged vegetables fruits"
"frozenset({'fresh fruits', 'yogurt', 'packaged cheese'})",frozenset({'milk'}),0.04523,0.23003,0.02129,0.4707052841034712,2.0462778076923493,1.0,0.0108857431,1.45470940267335,0.535529815332358,0.083828798677009,0.3125774823739511,0.2816292146726981,"fresh fruits, yogurt, packaged cheese",milk,"fresh fruits, yogurt, packaged cheese → milk"
"frozenset({'fresh fruits', 'yogurt', 'milk'})",frozenset({'packaged cheese'}),0.05709,0.16892,0.02129,0.372919950954633,2.207671980550752,1.0,0.0116463572,1.325317240223464,0.5801552182935432,0.1039957014458773,0.2454636749225502,0.2494779721621377,"fresh fruits, yogurt, milk",packaged cheese,"fresh fruits, yogurt, milk → packaged cheese"
"frozenset({'fresh fruits', 'packaged cheese', 'milk'})",frozenset({'yogurt'}),0.04602,0.20368,0.02129,0.4626249456757931,2.2713322156117104,1.0,0.0119166464,1.4818700525677315,0.5867311170641252,0.0932095792653561,0.3251769962776185,0.283575827119122,"fresh fruits, packaged cheese, milk",yogurt,"fresh fruits, packaged cheese, milk → yogurt"
"frozenset({'yogurt', 'packaged cheese', 'milk'})",frozenset({'fresh fruits'}),0.02428,0.57912,0.02129,0.8768533772652389,1.514113443267784,1.0,0.0072289664,3.417714515050169,0.3479968698717882,0.0365738434316538,0.7074068077961388,0.4568080258338903,"yogurt, packaged cheese, milk",fresh fruits,"yogurt, packaged cheese, milk → fresh fruits"
"frozenset({'yogurt', 'packaged cheese'})","frozenset({'fresh fruits', 'milk'})",0.05481,0.15639,0.02129,0.3884327677431126,2.483744278682221,1.0,0.0127182641,1.3794231533412886,0.632023256700705,0.1121057342951924,0.2750592901259024,0.2622833958288426,"yogurt, packaged cheese","fresh fruits, milk","yogurt, packaged cheese → fresh fruits, milk"
"frozenset({'packaged cheese', 'milk'})","frozenset({'fresh fruits', 'yogurt'})",0.05748,0.14829,0.02129,0.3703897007654836,2.4977388951748845,1.0,0.0127662908,1.3527574136501794,0.6362070786038416,0.1154054640069384,0.2607691594151572,0.2569798662300679,"packaged cheese, milk","fresh fruits, yogurt","packaged cheese, milk → fresh fruits, yogurt"
"frozenset({'fresh fruits', 'soy lactosefree', 'milk'})",frozenset({'packaged vegetables fruits'}),0.02527,0.3423,0.01443,0.5710328452710725,1.6682233282824204,1.0,0.005780079,1.533217619926199,0.4109444412913066,0.0408619810839893,0.3477768667645924,0.3065944243883846,"fresh fruits, soy lactosefree, milk",packaged vegetables fruits,"fresh fruits, soy lactosefree, milk → packaged vegetables fruits"
"frozenset({'packaged vegetables fruits', 'soy lactosefree', 'milk'})",frozenset({'fresh fruits'}),0.01626,0.57912,0.01443,0.8874538745387454,1.5324179350372038,1.0,0.0050135088,3.739622295081967,0.3531792010861684,0.024838626387813,0.7325933152887887,0.4561854950812251,"packaged vegetables fruits, soy lactosefree, milk",fresh fruits,"packaged vegetables fruits, soy lactosefree, milk → fresh fruits"
"frozenset({'soy lactosefree', 'milk'})","frozenset({'fresh fruits', 'packaged vegetables fruits'})",0.03287,0.2571,0.01443,0.4390021296014602,1.7075150898539877,1.0,0.0059791229999999,1.3242474511930584,0.4284363407749095,0.0523698918487334,0.244854125187051,0.2475640753024804,"soy lactosefree, milk","fresh fruits, packaged vegetables fruits","soy lactosefree, milk → fresh fruits, packaged vegetables fruits"
"frozenset({'fresh fruits', 'water seltzer sparkling water', 'packaged vegetables fruits'})",frozenset({'milk'}),0.04732,0.23003,0.0146,0.3085376162299239,1.3412929453980955,1.0,0.0037149804,1.1135385207823962,0.2670893818792954,0.0555661274976213,0.1019619156979153,0.1860037992030809,"fresh fruits, water seltzer sparkling water, packaged vegetables fruits",milk,"fresh fruits, water seltzer sparkling water, packaged vegetables fruits → milk"
"frozenset({'fresh fruits', 'water seltzer sparkling water', 'milk'})",frozenset({'packaged vegetables fruits'}),0.02719,0.3423,0.0146,0.5369621184258919,1.5686886311010573,1.0,0.005292863,1.420402144559174,0.3726574182149635,0.0411395080165685,0.2959740283197384,0.2898073811527648,"fresh fruits, water seltzer sparkling water, milk",packaged vegetables fruits,"fresh fruits, water seltzer sparkling water, milk → packaged vegetables fruits"
"frozenset({'water seltzer sparkling water', 'packaged vegetables fruits', 'milk'})",frozenset({'fresh fruits'}),0.01672,0.57912,0.0146,0.8732057416267943,1.5078148598335308,1.0,0.0049171136,3.319393207547172,0.3425154612518571,0.0251187117197715,0.6987401198127597,0.4492082030416054,"water seltzer sparkling water, packaged vegetables fruits, milk",fresh fruits,"water seltzer sparkling water, packaged vegetables fruits, milk → fresh fruits"
"frozenset({'water seltzer sparkling water', 'milk'})","frozenset({'fresh fruits', 'packaged vegetables fruits'})",0.03696,0.2571,0.0146,0.395021645021645,1.53645136142219,1.0,0.005097584,1.227977817531306,0.3625494154355955,0.0522436126816002,0.1856530421613206,0.2259044436699046,"water seltzer sparkling water, milk","fresh fruits, packaged vegetables fruits","water seltzer sparkling water, milk → fresh fruits, packaged vegetables fruits"
"frozenset({'fresh fruits', 'yogurt', 'packaged vegetables fruits'})",frozenset({'milk'}),0.07823,0.23003,0.03236,0.4136520516425924,1.798252626364354,1.0,0.0143647530999999,1.3131622650970134,0.4815784930515996,0.1172888727799927,0.2384794883470685,0.2771646773015379,"fresh fruits, yogurt, packaged vegetables fruits",milk,"fresh fruits, yogurt, packaged vegetables fruits → milk"
"frozenset({'fresh fruits', 'yogurt', 'milk'})",frozenset({'packaged vegetables fruits'}),0.05709,0.3423,0.03236,0.5668243124890524,1.6559284618435652,1.0,0.012818093,1.5183215932066316,0.4200922442200504,0.0881671797945672,0.3413780028722099,0.3306806341878507,"fresh fruits, yogurt, milk",packaged vegetables fruits,"fresh fruits, yogurt, milk → packaged vegetables fruits"
"frozenset({'fresh fruits', 'packaged vegetables fruits', 'milk'})",frozenset({'yogurt'}),0.07797,0.20368,0.03236,0.4150314223419264,2.037664092409301,1.0,0.0164790704,1.3613038894979177,0.5523052153946282,0.1298086565847005,0.2654101646849588,0.2869540458135398,"fresh fruits, packaged vegetables fruits, milk",yogurt,"fresh fruits, packaged vegetables fruits, milk → yogurt"
"frozenset({'yogurt', 'packaged vegetables fruits', 'milk'})",frozenset({'fresh fruits'}),0.03646,0.57912,0.03236,0.8875479978058146,1.532580463126493,1.0,0.0112452848,3.742752390243904,0.3606551993212709,0.0554850656699015,0.7328169497382024,0.4717129407457032,"yogurt, packaged vegetables fruits, milk",fresh fruits,"yogurt, packaged vegetables fruits, milk → fresh fruits"
"frozenset({'yogurt', 'packaged vegetables fruits'})","frozenset({'fresh fruits', 'milk'})",0.0928,0.15639,0.03236,0.3487068965517241,2.2297263031634,1.0,0.017847008,1.2952847121111846,0.6079304037688875,0.1492413411428308,0.2279689626150995,0.2778127487426438,"yogurt, packaged vegetables fruits","fresh fruits, milk","yogurt, packaged vegetables fruits → fresh fruits, milk"
"frozenset({'yogurt', 'milk'})","frozenset({'fresh fruits', 'packaged vegetables fruits'})",0.07134,0.2571,0.03236,0.4536024670591533,1.7643036447263842,1.0,0.014018486,1.3596327860441253,0.4664830410642318,0.109294785193191,0.2645072917743348,0.2897339445369667,"yogurt, milk","fresh fruits, packaged vegetables fruits","yogurt, milk → fresh fruits, packaged vegetables fruits"
"frozenset({'packaged vegetables fruits', 'milk'})","frozenset({'fresh fruits', 'yogurt'})",0.09306,0.14829,0.03236,0.347732645604986,2.344950068143408,1.0,0.0185601326,1.3057682471169687,0.63240312178119,0.1548399444949519,0.234167317050388,0.2829768494732058,"packaged vegetables fruits, milk","fresh fruits, yogurt","packaged vegetables fruits, milk → fresh fruits, yogurt"
"frozenset({'fresh fruits', 'yogurt', 'soy lactosefree'})",frozenset({'milk'}),0.03,0.23003,0.01041,0.347,1.5084988914489414,1.0,0.0035091,1.1791271056661563,0.3475147805936006,0.0417033891515103,0.1519150096757016,0.1961274833717341,"fresh fruits, yogurt, soy lactosefree",milk,"fresh fruits, yogurt, soy lactosefree → milk"
"frozenset({'fresh fruits', 'soy lactosefree', 'milk'})",frozenset({'yogurt'}),0.02527,0.20368,0.01041,0.4119509299564701,2.022539915340093,1.0,0.0052630064,1.3541727052489905,0.5186792040827524,0.047634300356914,0.2615417545163629,0.2315302568085571,"fresh fruits, soy lactosefree, milk",yogurt,"fresh fruits, soy lactosefree, milk → yogurt"
"frozenset({'yogurt', 'soy lactosefree', 'milk'})",frozenset({'fresh fruits'}),0.01229,0.57912,0.01041,0.8470301057770545,1.4626158754266034,1.0,0.0032926152,2.751391063829787,0.3202291027039317,0.0179173838209982,0.6365474856896373,0.4325028274430237,"yogurt, soy lactosefree, milk",fresh fruits,"yogurt, soy lactosefree, milk → fresh fruits"
"frozenset({'soy lactosefree', 'milk'})","frozenset({'fresh fruits', 'yogurt'})",0.03287,0.14829,0.01041,0.3167021600243383,2.135694652534482,1.0,0.0055357077,1.246469621549421,0.549841563071533,0.0609663250366032,0.1977341583688559,0.1934512216265733,"soy lactosefree, milk","fresh fruits, yogurt","soy lactosefree, milk → fresh fruits, yogurt"
"frozenset({'fresh fruits', 'yogurt', 'water seltzer sparkling water'})",frozenset({'milk'}),0.02892,0.23003,0.01111,0.3841632088520055,1.6700569875755575,1.0,0.0044575323999999,1.2502825603593486,0.4131668223048362,0.0448273079406068,0.2001807977609588,0.2162306284663453,"fresh fruits, yogurt, water seltzer sparkling water",milk,"fresh fruits, yogurt, water seltzer sparkling water → milk"
"frozenset({'fresh fruits', 'water seltzer sparkling water', 'milk'})",frozenset({'yogurt'}),0.02719,0.20368,0.01111,0.4086061051857301,2.006117955546593,1.0,0.0055719408,1.3465137313432838,0.5155424229628071,0.0505551510738988,0.2573414019310454,0.2315762261985209,"fresh fruits, water seltzer sparkling water, milk",yogurt,"fresh fruits, water seltzer sparkling water, milk → yogurt"
"frozenset({'yogurt', 'water seltzer sparkling water', 'milk'})",frozenset({'fresh fruits'}),0.01312,0.57912,0.01111,0.8467987804878049,1.4622164326699214,1.0,0.0035119456,2.747236616915423,0.3203091709949206,0.0191179254211622,0.6359978627822773,0.4329915300422171,"yogurt, water seltzer sparkling water, milk",fresh fruits,"yogurt, water seltzer sparkling water, milk → fresh fruits"
"frozenset({'water seltzer sparkling water', 'milk'})","frozenset({'fresh fruits', 'yogurt'})",0.03696,0.14829,0.01111,0.3005952380952381,2.0270769309814423,1.0,0.0056292016,1.217764085106383,0.5261243685425196,0.063799241989204,0.1788228834876167,0.1877580007321561,"water seltzer sparkling water, milk","fresh fruits, yogurt","water seltzer sparkling water, milk → fresh fruits, yogurt"
"frozenset({'fresh fruits', 'packaged vegetables fruits', 'other creams cheeses'})",frozenset({'packaged cheese'}),0.02316,0.16892,0.0103,0.4447322970639032,2.632798348708876,1.0,0.0063878128,1.496719502332815,0.6348798165513289,0.0566618989987897,0.3318721387398364,0.2528539534100004,"fresh fruits, packaged vegetables fruits, other creams cheeses",packaged cheese,"fresh fruits, packaged vegetables fruits, other creams cheeses → packaged cheese"
"frozenset({'fresh fruits', 'packaged cheese', 'other creams cheeses'})",frozenset({'packaged vegetables fruits'}),0.01623,0.3423,0.0103,0.6346272335181762,1.8540088621623607,1.0,0.004744471,1.8000794266441815,0.4682275861504055,0.0295781523705596,0.4444689577591245,0.3323588986755356,"fresh fruits, packaged cheese, other creams cheeses",packaged vegetables fruits,"fresh fruits, packaged cheese, other creams cheeses → packaged vegetables fruits"
"frozenset({'packaged vegetables fruits', 'packaged cheese', 'other creams cheeses'})",frozenset({'fresh fruits'}),0.01206,0.57912,0.0103,0.8540630182421227,1.4747600121600406,1.0,0.0033158128,2.883984545454546,0.3258533643900783,0.0177317173942983,0.6532575039016412,0.4359243119943864,"packaged vegetables fruits, packaged cheese, other creams cheeses",fresh fruits,"packaged vegetables fruits, packaged cheese, other creams cheeses → fresh fruits"
"frozenset({'packaged vegetables fruits', 'other creams cheeses'})","frozenset({'fresh fruits', 'packaged cheese'})",0.02858,0.1199,0.0103,0.3603918824352694,3.005770495707001,1.0,0.006873258,1.375998796498906,0.6869393279341043,0.0745404544796642,0.2732551783152703,0.2231484016012877,"packaged vegetables fruits, other creams cheeses","fresh fruits, packaged cheese","packaged vegetables fruits, other creams cheeses → fresh fruits, packaged cheese"
"frozenset({'packaged cheese', 'other creams cheeses'})","frozenset({'fresh fruits', 'packaged vegetables fruits'})",0.02107,0.2571,0.0103,0.4888467014712862,1.9013874036222724,1.0,0.004882903,1.4533800371402046,0.4842718605285204,0.0384514876619255,0.3119487164777039,0.2644544670328037,"packaged cheese, other creams cheeses","fresh fruits, packaged vegetables fruits","packaged cheese, other creams cheeses → fresh fruits, packaged vegetables fruits"
"frozenset({'fresh fruits', 'soy lactosefree', 'packaged cheese'})",frozenset({'packaged vegetables fruits'}),0.02457,0.3423,0.01539,0.6263736263736263,1.8298966589939416,1.0,0.0069796889999999,1.7603147058823525,0.4649447450166377,0.043786275179242,0.4319197603369717,0.3356670936425537,"fresh fruits, soy lactosefree, packaged cheese",packaged vegetables fruits,"fresh fruits, soy lactosefree, packaged cheese → packaged vegetables fruits"
"frozenset({'packaged vegetables fruits', 'packaged cheese', 'soy lactosefree'})",frozenset({'fresh fruits'}),0.01751,0.57912,0.01539,0.8789263278126783,1.5176929268764303,1.0,0.0052496088,3.476230566037732,0.3471843837445523,0.0264778748881701,0.7123320847098421,0.4527505654811423,"packaged vegetables fruits, packaged cheese, soy lactosefree",fresh fruits,"packaged vegetables fruits, packaged cheese, soy lactosefree → fresh fruits"
"frozenset({'soy lactosefree', 'packaged cheese'})","frozenset({'fresh fruits', 'packaged vegetables fruits'})",0.03026,0.2571,0.01539,0.508592200925314,1.978188257196865,1.0,0.007610154,1.511779018157364,0.5099170288645927,0.0565871235798065,0.3385276631112047,0.2842260887940455,"soy lactosefree, packaged cheese","fresh fruits, packaged vegetables fruits","soy lactosefree, packaged cheese → fresh fruits, packaged vegetables fruits"
"frozenset({'fresh fruits', 'water seltzer sparkling water', 'packaged vegetables fruits'})",frozenset({'packaged cheese'}),0.04732,0.16892,0.01432,0.3026204564666103,1.7915016366718584,1.0,0.0063267055999999,1.1917183515151517,0.463753884073697,0.0709191759112519,0.160875555261359,0.1936971569569613,"fresh fruits, water seltzer sparkling water, packaged vegetables fruits",packaged cheese,"fresh fruits, water seltzer sparkling water, packaged vegetables fruits → packaged cheese"
"frozenset({'fresh fruits', 'water seltzer sparkling water', 'packaged cheese'})",frozenset({'packaged vegetables fruits'}),0.02343,0.3423,0.01432,0.6111822449850619,1.7855163452674905,1.0,0.006299911,1.691537980241493,0.4504929692642754,0.0407501209413505,0.4088220236963082,0.3265084464773396,"fresh fruits, water seltzer sparkling water, packaged cheese",packaged vegetables fruits,"fresh fruits, water seltzer sparkling water, packaged cheese → packaged vegetables fruits"
"frozenset({'water seltzer sparkling water', 'packaged cheese', 'packaged vegetables fruits'})",frozenset({'fresh fruits'}),0.01681,0.57912,0.01432,0.8518738845925045,1.4709799084688917,1.0,0.0045849928,2.8413625702811247,0.3256553275079222,0.0246213098124172,0.6480561789405638,0.4383005284269333,"water seltzer sparkling water, packaged cheese, packaged vegetables fruits",fresh fruits,"water seltzer sparkling water, packaged cheese, packaged vegetables fruits → fresh fruits"
"frozenset({'water seltzer sparkling water', 'packaged cheese'})","frozenset({'fresh fruits', 'packaged vegetables fruits'})",0.0308,0.2571,0.01432,0.4649350649350649,1.8083822051149936,1.0,0.0064013199999999,1.3884296116504855,0.4612252920683302,0.0523430075297901,0.2797618319222842,0.2603166184263034,"water seltzer sparkling water, packaged cheese","fresh fruits, packaged vegetables fruits","water seltzer sparkling water, packaged cheese → fresh fruits, packaged vegetables fruits"
"frozenset({'fresh fruits', 'yogurt', 'packaged vegetables fruits'})",frozenset({'packaged cheese'}),0.07823,0.16892,0.02789,0.3565128467339896,2.110542545192929,1.0,0.0146753884,1.2915253953118793,0.5708454192956353,0.1272005837818115,0.2257217677407585,0.2608102950222162,"fresh fruits, yogurt, packaged vegetables fruits",packaged cheese,"fresh fruits, yogurt, packaged vegetables fruits → packaged cheese"
"frozenset({'fresh fruits', 'yogurt', 'packaged cheese'})",frozenset({'packaged vegetables fruits'}),0.04523,0.3423,0.02789,0.6166261330975017,1.8014201960195784,1.0,0.012407771,1.715557727797001,0.4659576976432497,0.0775497719942164,0.4170991836665679,0.3490521842817336,"fresh fruits, yogurt, packaged cheese",packaged vegetables fruits,"fresh fruits, yogurt, packaged cheese → packaged vegetables fruits"
"frozenset({'fresh fruits', 'packaged vegetables fruits', 'packaged cheese'})",frozenset({'yogurt'}),0.06753,0.20368,0.02789,0.4130016289056715,2.027698492270579,1.0,0.0141354896,1.3565966094853683,0.5435349472579608,0.1146227190530988,0.2628611976412391,0.2749660540443518,"fresh fruits, packaged vegetables fruits, packaged cheese",yogurt,"fresh fruits, packaged vegetables fruits, packaged cheese → yogurt"
"frozenset({'yogurt', 'packaged vegetables fruits', 'packaged cheese'})",frozenset({'fresh fruits'}),0.03128,0.57912,0.02789,0.8916240409207161,1.53961880252921,1.0,0.0097751264,3.883518112094396,0.3618058639759012,0.0478790063689893,0.7425015228110533,0.4698916585319149,"yogurt, packaged vegetables fruits, packaged cheese",fresh fruits,"yogurt, packaged vegetables fruits, packaged cheese → fresh fruits"
"frozenset({'yogurt', 'packaged vegetables fruits'})","frozenset({'fresh fruits', 'packaged cheese'})",0.0928,0.1199,0.02789,0.3005387931034483,2.5065787581605363,1.0,0.01676328,1.258254198120475,0.662532890930166,0.1509117471998268,0.205248032159355,0.266574650930373,"yogurt, packaged vegetables fruits","fresh fruits, packaged cheese","yogurt, packaged vegetables fruits → fresh fruits, packaged cheese"
"frozenset({'yogurt', 'packaged cheese'})","frozenset({'fresh fruits', 'packaged vegetables fruits'})",0.05481,0.2571,0.02789,0.5088487502280606,1.9791861152394423,1.0,0.013798349,1.5125686849925708,0.5234310637007573,0.0981973100485881,0.3388729980186575,0.3086639706021672,"yogurt, packaged cheese","fresh fruits, packaged vegetables fruits","yogurt, packaged cheese → fresh fruits, packaged vegetables fruits"
"frozenset({'packaged vegetables fruits', 'packaged cheese'})","frozenset({'fresh fruits', 'yogurt'})",0.08165,0.14829,0.02789,0.341579914268218,2.303458859452546,1.0,0.0157821215,1.293566248139881,0.6161814756433229,0.138035139816877,0.2269433425323385,0.2648286650712592,"packaged vegetables fruits, packaged cheese","fresh fruits, yogurt","packaged vegetables fruits, packaged cheese → fresh fruits, yogurt"
"frozenset({'fresh fruits', 'water seltzer sparkling water', 'soy lactosefree'})",frozenset({'packaged vegetables fruits'}),0.02099,0.3423,0.01193,0.568365888518342,1.6604320435826527,1.0,0.0047451229999999,1.523744260485651,0.4062748165297216,0.0339537795992714,0.3437218922279794,0.3016091785565709,"fresh fruits, water seltzer sparkling water, soy lactosefree",packaged vegetables fruits,"fresh fruits, water seltzer sparkling water, soy lactosefree → packaged vegetables fruits"
"frozenset({'water seltzer sparkling water', 'packaged vegetables fruits', 'soy lactosefree'})",frozenset({'fresh fruits'}),0.01393,0.57912,0.01193,0.8564249820531228,1.4788385516872544,1.0,0.0038628584,2.9314292000000006,0.3283678268625626,0.0205293226872246,0.6588694688583986,0.4385126015390631,"water seltzer sparkling water, packaged vegetables fruits, soy lactosefree",fresh fruits,"water seltzer sparkling water, packaged vegetables fruits, soy lactosefree → fresh fruits"
"frozenset({'water seltzer sparkling water', 'soy lactosefree'})","frozenset({'fresh fruits', 'packaged vegetables fruits'})",0.02812,0.2571,0.01193,0.42425320056899,1.65014858253205,1.0,0.004700348,1.2903241507103151,0.4053936337764285,0.0436532621025284,0.2250009430192354,0.2353276893548956,"water seltzer sparkling water, soy lactosefree","fresh fruits, packaged vegetables fruits","water seltzer sparkling water, soy lactosefree → fresh fruits, packaged vegetables fruits"
"frozenset({'fresh fruits', 'yogurt', 'soy lactosefree'})",frozenset({'packaged vegetables fruits'}),0.03,0.3423,0.01798,0.5993333333333334,1.7509007693056775,1.0,0.007711,1.641514143094842,0.442129284542963,0.0507450891849175,0.3908063453448889,0.3259301782062518,"fresh fruits, yogurt, soy lactosefree",packaged vegetables fruits,"fresh fruits, yogurt, soy lactosefree → packaged vegetables fruits"
"frozenset({'fresh fruits', 'packaged vegetables fruits', 'soy lactosefree'})",frozenset({'yogurt'}),0.05527,0.20368,0.01798,0.3253121042156685,1.597172546227752,1.0,0.0067226063999999,1.1802790667739342,0.395767648570531,0.0746150973150184,0.1527427469053502,0.2067939154228382,"fresh fruits, packaged vegetables fruits, soy lactosefree",yogurt,"fresh fruits, packaged vegetables fruits, soy lactosefree → yogurt"
"frozenset({'yogurt', 'packaged vegetables fruits', 'soy lactosefree'})",frozenset({'fresh fruits'}),0.02038,0.57912,0.01798,0.8822374877330716,1.5234104982267436,1.0,0.0061775344,3.573972666666667,0.3507259029113443,0.0309189709726234,0.7201993150852302,0.4566422968434663,"yogurt, packaged vegetables fruits, soy lactosefree",fresh fruits,"yogurt, packaged vegetables fruits, soy lactosefree → fresh fruits"
"frozenset({'yogurt', 'soy lactosefree'})","frozenset({'fresh fruits', 'packaged vegetables fruits'})",0.03763,0.2571,0.01798,0.4778102577730534,1.8584607459084148,1.0,0.008305327,1.422662951653944,0.4799820238927899,0.0649683830171635,0.2970928224162786,0.2738720678207935,"yogurt, soy lactosefree","fresh fruits, packaged vegetables fruits","yogurt, soy lactosefree → fresh fruits, packaged vegetables fruits"
"frozenset({'fresh fruits', 'yogurt', 'water seltzer sparkling water'})",frozenset({'packaged vegetables fruits'}),0.02892,0.3423,0.016,0.5532503457814661,1.616273285952282,1.0,0.006100684,1.472189164086687,0.3926481340363307,0.0450425088677439,0.3207394644693115,0.2999964846056031,"fresh fruits, yogurt, water seltzer sparkling water",packaged vegetables fruits,"fresh fruits, yogurt, water seltzer sparkling water → packaged vegetables fruits"
"frozenset({'fresh fruits', 'water seltzer sparkling water', 'packaged vegetables fruits'})",frozenset({'yogurt'}),0.04732,0.20368,0.016,0.3381234150464919,1.6600717549415356,1.0,0.0063618623999999,1.2031245977011495,0.4173661670235545,0.0680851063829787,0.1688308909062838,0.2083390052451627,"fresh fruits, water seltzer sparkling water, packaged vegetables fruits",yogurt,"fresh fruits, water seltzer sparkling water, packaged vegetables fruits → yogurt"
"frozenset({'yogurt', 'water seltzer sparkling water', 'packaged vegetables fruits'})",frozenset({'fresh fruits'}),0.01815,0.57912,0.016,0.8815426997245179,1.5222107675861962,1.0,0.005488972,3.5530102325581407,0.3494024036258085,0.0275259345914979,0.7185485167375926,0.4545854125781037,"yogurt, water seltzer sparkling water, packaged vegetables fruits",fresh fruits,"yogurt, water seltzer sparkling water, packaged vegetables fruits → fresh fruits"
"frozenset({'yogurt', 'water seltzer sparkling water'})","frozenset({'fresh fruits', 'packaged vegetables fruits'})",0.03743,0.2571,0.016,0.4274646005877638,1.6626394421927806,1.0,0.006376747,1.297561689220719,0.4140443682017931,0.0574444404552471,0.2293237321143678,0.2448485974545198,"yogurt, water seltzer sparkling water","fresh fruits, packaged vegetables fruits","yogurt, water seltzer sparkling water → fresh fruits, packaged vegetables fruits"
"frozenset({'packaged vegetables fruits', 'fresh herbs', 'milk'})",frozenset({'fresh vegetables'}),0.01341,0.44933,0.01208,0.9008202833706188,2.004807787974582,1.0,0.0060544847,5.552244135338345,0.5080114987680155,0.0268051302534061,0.8198926459960029,0.463852377903679,"packaged vegetables fruits, fresh herbs, milk",fresh vegetables,"packaged vegetables fruits, fresh herbs, milk → fresh vegetables"
"frozenset({'fresh herbs', 'fresh vegetables', 'milk'})",frozenset({'packaged vegetables fruits'}),0.01941,0.3423,0.01208,0.622359608449253,1.8181700509764915,1.0,0.005435957,1.7416039563437926,0.4589037624260405,0.0345508108571918,0.4258166465702493,0.3288251445693533,"fresh herbs, fresh vegetables, milk",packaged vegetables fruits,"fresh herbs, fresh vegetables, milk → packaged vegetables fruits"
"frozenset({'fresh herbs', 'milk'})","frozenset({'packaged vegetables fruits', 'fresh vegetables'})",0.02259,0.21588,0.01208,0.5347498893315626,2.477070082136199,1.0,0.0072032708,1.6853730542340628,0.6100789347925939,0.0533592473165775,0.4066595538075329,0.2953534512435097,"fresh herbs, milk","packaged vegetables fruits, fresh vegetables","fresh herbs, milk → packaged vegetables fruits, fresh vegetables"
"frozenset({'packaged vegetables fruits', 'packaged cheese', 'fresh herbs'})",frozenset({'fresh vegetables'}),0.01365,0.44933,0.0124,0.9084249084249084,2.021732153261319,1.0,0.0062666454999999,6.013316399999992,0.5123684666667757,0.0275200852234897,0.8337024141952681,0.4680107761584626,"packaged vegetables fruits, packaged cheese, fresh herbs",fresh vegetables,"packaged vegetables fruits, packaged cheese, fresh herbs → fresh vegetables"
"frozenset({'packaged cheese', 'fresh vegetables', 'fresh herbs'})",frozenset({'packaged vegetables fruits'}),0.01911,0.3423,0.0124,0.6488749345892203,1.8956322950313185,1.0,0.005858647,1.8731217585692996,0.4816763676437363,0.0355290679350161,0.4661318756107957,0.3425502338736343,"packaged cheese, fresh vegetables, fresh herbs",packaged vegetables fruits,"packaged cheese, fresh vegetables, fresh herbs → packaged vegetables fruits"
"frozenset({'packaged cheese', 'fresh herbs'})","frozenset({'packaged vegetables fruits', 'fresh vegetables'})",0.02158,0.21588,0.0124,0.5746061167747915,2.661692221487824,1.0,0.0077413096,1.8432799128540305,0.6380686834798172,0.0550964187327823,0.4574887986211185,0.3160227174572493,"packaged cheese, fresh herbs","packaged vegetables fruits, fresh vegetables","packaged cheese, fresh herbs → packaged vegetables fruits, fresh vegetables"
"frozenset({'packaged vegetables fruits', 'soy lactosefree', 'fresh herbs'})",frozenset({'fresh vegetables'}),0.01154,0.44933,0.01058,0.9168110918544194,2.040395904690137,1.0,0.0053947318,6.61951229166667,0.5158519676231959,0.0234959692642519,0.8489314686734695,0.4701786302972718,"packaged vegetables fruits, soy lactosefree, fresh herbs",fresh vegetables,"packaged vegetables fruits, soy lactosefree, fresh herbs → fresh vegetables"
"frozenset({'soy lactosefree', 'fresh vegetables', 'fresh herbs'})",frozenset({'packaged vegetables fruits'}),0.01592,0.3423,0.01058,0.6645728643216081,1.9414924461630387,1.0,0.005130584,1.9607835205992512,0.4927773404009602,0.0304337820734092,0.4899997937077819,0.3477407120322618,"soy lactosefree, fresh vegetables, fresh herbs",packaged vegetables fruits,"soy lactosefree, fresh vegetables, fresh herbs → packaged vegetables fruits"
"frozenset({'soy lactosefree', 'fresh herbs'})","frozenset({'packaged vegetables fruits', 'fresh vegetables'})",0.01792,0.21588,0.01058,0.5904017857142858,2.7348609677333973,1.0,0.0067114304,1.914363814713897,0.6459256877575069,0.0473971866320222,0.4776332521990076,0.3197052471280341,"soy lactosefree, fresh herbs","packaged vegetables fruits, fresh vegetables","soy lactosefree, fresh herbs → packaged vegetables fruits, fresh vegetables"
"frozenset({'yogurt', 'packaged vegetables fruits', 'fresh herbs'})",frozenset({'fresh vegetables'}),0.01348,0.44933,0.01211,0.8983679525222551,1.999350037883638,1.0,0.0060530315999999,5.418271240875908,0.5066673322866225,0.0268693143998224,0.815439287635526,0.4626595955164633,"yogurt, packaged vegetables fruits, fresh herbs",fresh vegetables,"yogurt, packaged vegetables fruits, fresh herbs → fresh vegetables"
"frozenset({'yogurt', 'fresh vegetables', 'fresh herbs'})",frozenset({'packaged vegetables fruits'}),0.01908,0.3423,0.01211,0.6346960167714885,1.8542098065191013,1.0,0.005578916,1.8004183644189382,0.4696475810487217,0.0346723165459386,0.4445735392602835,0.3350371699399365,"yogurt, fresh vegetables, fresh herbs",packaged vegetables fruits,"yogurt, fresh vegetables, fresh herbs → packaged vegetables fruits"
"frozenset({'yogurt', 'fresh herbs'})","frozenset({'packaged vegetables fruits', 'fresh vegetables'})",0.02183,0.21588,0.01211,0.5547411818598259,2.569673808874495,1.0,0.0073973395999999,1.7610431687242798,0.6244779017276628,0.0536790780141844,0.4321547490943043,0.3054185805537781,"yogurt, fresh herbs","packaged vegetables fruits, fresh vegetables","yogurt, fresh herbs → packaged vegetables fruits, fresh vegetables"
"frozenset({'frozen produce', 'packaged vegetables fruits', 'fresh vegetables'})",frozenset({'milk'}),0.03825,0.23003,0.0119,0.3111111111111111,1.3524805943186151,1.0,0.0031013525,1.1176983870967745,0.2709829551784323,0.0464154770262891,0.1053042470630168,0.181421746921899,"frozen produce, packaged vegetables fruits, fresh vegetables",milk,"frozen produce, packaged vegetables fruits, fresh vegetables → milk"
"frozenset({'frozen produce', 'packaged vegetables fruits', 'milk'})",frozenset({'fresh vegetables'}),0.01554,0.44933,0.0119,0.7657657657657658,1.7042391243980275,1.0,0.0049174118,2.350937307692308,0.4197508099393995,0.0262710554782877,0.574637742687573,0.3961248208794556,"frozen produce, packaged vegetables fruits, milk",fresh vegetables,"frozen produce, packaged vegetables fruits, milk → fresh vegetables"
"frozenset({'frozen produce', 'fresh vegetables', 'milk'})",frozenset({'packaged vegetables fruits'}),0.01788,0.3423,0.0119,0.6655480984340045,1.9443415087175129,1.0,0.005779676,1.9665010033444816,0.4945292416644905,0.0341679108763064,0.4914825884658728,0.3501564623049368,"frozen produce, fresh vegetables, milk",packaged vegetables fruits,"frozen produce, fresh vegetables, milk → packaged vegetables fruits"
"frozenset({'frozen produce', 'milk'})","frozenset({'packaged vegetables fruits', 'fresh vegetables'})",0.0263,0.21588,0.0119,0.4524714828897339,2.095939794745849,1.0,0.006222356,1.4321080555555556,0.5370104332171403,0.0516762202536043,0.301728667665324,0.2537973497457748,"frozen produce, milk","packaged vegetables fruits, fresh vegetables","frozen produce, milk → packaged vegetables fruits, fresh vegetables"
"frozenset({'frozen produce', 'packaged vegetables fruits', 'packaged cheese'})",frozenset({'fresh vegetables'}),0.01538,0.44933,0.01248,0.811443433029909,1.8058964080517856,1.0,0.0055693046,2.920449862068965,0.4532290441086474,0.0275965769630497,0.6575869995276825,0.4196090598928727,"frozen produce, packaged vegetables fruits, packaged cheese",fresh vegetables,"frozen produce, packaged vegetables fruits, packaged cheese → fresh vegetables"
"frozenset({'frozen produce', 'packaged vegetables fruits', 'fresh vegetables'})",frozenset({'packaged cheese'}),0.03825,0.16892,0.01248,0.3262745098039216,1.931532736229704,1.0,0.00601881,1.233558789289872,0.5014571794205275,0.0641019055935076,0.1893373800403349,0.2000778184823539,"frozen produce, packaged vegetables fruits, fresh vegetables",packaged cheese,"frozen produce, packaged vegetables fruits, fresh vegetables → packaged cheese"
"frozenset({'frozen produce', 'packaged cheese', 'fresh vegetables'})",frozenset({'packaged vegetables fruits'}),0.01807,0.3423,0.01248,0.6906474820143885,2.017667198406043,1.0,0.006294639,2.126053488372093,0.5136599604859817,0.035873408261232,0.5296449475663503,0.3635533641447928,"frozen produce, packaged cheese, fresh vegetables",packaged vegetables fruits,"frozen produce, packaged cheese, fresh vegetables → packaged vegetables fruits"
"frozenset({'frozen produce', 'packaged cheese'})","frozenset({'packaged vegetables fruits', 'fresh vegetables'})",0.02423,0.21588,0.01248,0.5150639702847709,2.3858809073780383,1.0,0.0072492276,1.6169555404255318,0.5952915094272688,0.0548258138206739,0.381553805903141,0.2864369323352704,"frozen produce, packaged cheese","packaged vegetables fruits, fresh vegetables","frozen produce, packaged cheese → packaged vegetables fruits, fresh vegetables"
"frozenset({'frozen produce', 'packaged vegetables fruits', 'soy lactosefree'})",frozenset({'fresh vegetables'}),0.0151,0.44933,0.01188,0.7867549668874172,1.7509513428602967,1.0,0.005095117,2.582334472049689,0.435457307703221,0.0262512429565793,0.6127534946291194,0.4065971660823038,"frozen produce, packaged vegetables fruits, soy lactosefree",fresh vegetables,"frozen produce, packaged vegetables fruits, soy lactosefree → fresh vegetables"
"frozenset({'frozen produce', 'packaged vegetables fruits', 'fresh vegetables'})",frozenset({'soy lactosefree'}),0.03825,0.14592,0.01188,0.3105882352941176,2.128482972136223,1.0,0.00629856,1.238853242320819,0.551267811990453,0.0689535086191885,0.1928018865845326,0.1960013544891641,"frozen produce, packaged vegetables fruits, fresh vegetables",soy lactosefree,"frozen produce, packaged vegetables fruits, fresh vegetables → soy lactosefree"
"frozenset({'frozen produce', 'soy lactosefree', 'fresh vegetables'})",frozenset({'packaged vegetables fruits'}),0.01726,0.3423,0.01188,0.6882966396292004,2.010799414633948,1.0,0.0059719019999999,2.1100189591078062,0.5115140866713002,0.0341693511274735,0.5260706091366891,0.3615015187628911,"frozen produce, soy lactosefree, fresh vegetables",packaged vegetables fruits,"frozen produce, soy lactosefree, fresh vegetables → packaged vegetables fruits"
"frozenset({'frozen produce', 'soy lactosefree'})","frozenset({'packaged vegetables fruits', 'fresh vegetables'})",0.02421,0.21588,0.01188,0.4907063197026022,2.273051323432473,1.0,0.0066535452,1.539622481751825,0.5739582566666263,0.0520573156303404,0.3504901286826025,0.2728684461214512,"frozen produce, soy lactosefree","packaged vegetables fruits, fresh vegetables","frozen produce, soy lactosefree → packaged vegetables fruits, fresh vegetables"
"frozenset({'frozen produce', 'yogurt', 'packaged vegetables fruits'})",frozenset({'fresh vegetables'}),0.01703,0.44933,0.01327,0.7792131532589548,1.7341667666502454,1.0,0.0056179101,2.4941250265957446,0.4306888205154121,0.0292877794698625,0.5990577900720119,0.4043730066475042,"frozen produce, yogurt, packaged vegetables fruits",fresh vegetables,"frozen produce, yogurt, packaged vegetables fruits → fresh vegetables"
"frozenset({'frozen produce', 'yogurt', 'fresh vegetables'})",frozenset({'packaged vegetables fruits'}),0.01969,0.3423,0.01327,0.6739461655662774,1.9688757393113567,1.0,0.006530113,2.017151557632399,0.5019799152009934,0.0380534526267492,0.5042514300840466,0.356356664436659,"frozen produce, yogurt, fresh vegetables",packaged vegetables fruits,"frozen produce, yogurt, fresh vegetables → packaged vegetables fruits"
"frozenset({'frozen produce', 'packaged vegetables fruits', 'fresh vegetables'})",frozenset({'yogurt'}),0.03825,0.20368,0.01327,0.3469281045751634,1.7032998064373697,1.0,0.00547924,1.2193450760608489,0.4293260154958825,0.058033761917257,0.1798876137421682,0.2060396610856964,"frozen produce, packaged vegetables fruits, fresh vegetables",yogurt,"frozen produce, packaged vegetables fruits, fresh vegetables → yogurt"
"frozenset({'frozen produce', 'yogurt'})","frozenset({'packaged vegetables fruits', 'fresh vegetables'})",0.02816,0.21588,0.01327,0.4712357954545454,2.18285990112352,1.0,0.0071908192,1.4829294291470785,0.5575870468690719,0.0575031416561944,0.3256590769965636,0.2663525651350918,"frozen produce, yogurt","packaged vegetables fruits, fresh vegetables","frozen produce, yogurt → packaged vegetables fruits, fresh vegetables"
"frozenset({'packaged vegetables fruits', 'fresh vegetables', 'lunch meat'})",frozenset({'milk'}),0.02705,0.23003,0.01049,0.387800369685767,1.6858686679379515,1.0,0.0042676884999999,1.2577106582125603,0.4181448016315107,0.0425402489963096,0.2049045673023196,0.2167015585767443,"packaged vegetables fruits, fresh vegetables, lunch meat",milk,"packaged vegetables fruits, fresh vegetables, lunch meat → milk"
"frozenset({'milk', 'packaged vegetables fruits', 'lunch meat'})",frozenset({'fresh vegetables'}),0.01392,0.44933,0.01049,0.7535919540229885,1.677145870569489,1.0,0.0042353263999999,2.2347890379008746,0.4094484644748705,0.0231690078628854,0.5525304701962854,0.3884689122706579,"milk, packaged vegetables fruits, lunch meat",fresh vegetables,"milk, packaged vegetables fruits, lunch meat → fresh vegetables"
"frozenset({'milk', 'fresh vegetables', 'lunch meat'})",frozenset({'packaged vegetables fruits'}),0.01598,0.3423,0.01049,0.6564455569461827,1.9177492169038348,1.0,0.0050200459999999,1.9143981785063748,0.486326889780678,0.0301618792949768,0.4776426287763155,0.343545594716153,"milk, fresh vegetables, lunch meat",packaged vegetables fruits,"milk, fresh vegetables, lunch meat → packaged vegetables fruits"
"frozenset({'milk', 'lunch meat'})","frozenset({'packaged vegetables fruits', 'fresh vegetables'})",0.02487,0.21588,0.01049,0.4217933252915158,1.953832338760033,1.0,0.0051210644,1.3561240890125172,0.5006361792615522,0.0455571962129766,0.2626043530218791,0.2351925677782389,"milk, lunch meat","packaged vegetables fruits, fresh vegetables","milk, lunch meat → packaged vegetables fruits, fresh vegetables"
"frozenset({'packaged vegetables fruits', 'packaged cheese', 'lunch meat'})",frozenset({'fresh vegetables'}),0.01502,0.44933,0.01163,0.7743009320905458,1.7232344425935189,1.0,0.0048810634,2.439841710914453,0.4260958670599559,0.025689167697473,0.5901373455800132,0.4000919567091502,"packaged vegetables fruits, packaged cheese, lunch meat",fresh vegetables,"packaged vegetables fruits, packaged cheese, lunch meat → fresh vegetables"
"frozenset({'packaged vegetables fruits', 'fresh vegetables', 'lunch meat'})",frozenset({'packaged cheese'}),0.02705,0.16892,0.01163,0.4299445471349353,2.545255429404069,1.0,0.007060714,1.4578932555123216,0.6239910826020997,0.0630899424975588,0.3140787254354999,0.2493968532501576,"packaged vegetables fruits, fresh vegetables, lunch meat",packaged cheese,"packaged vegetables fruits, fresh vegetables, lunch meat → packaged cheese"
"frozenset({'packaged cheese', 'fresh vegetables', 'lunch meat'})",frozenset({'packaged vegetables fruits'}),0.01732,0.3423,0.01163,0.6714780600461894,1.961665381379461,1.0,0.005701364,2.001997188049209,0.4988694822004128,0.0334205005890973,0.5004987989146866,0.3527270522258408,"packaged cheese, fresh vegetables, lunch meat",packaged vegetables fruits,"packaged cheese, fresh vegetables, lunch meat → packaged vegetables fruits"
"frozenset({'packaged vegetables fruits', 'lunch meat'})","frozenset({'packaged cheese', 'fresh vegetables'})",0.03777,0.10096,0.01163,0.3079163357161769,3.049884466285429,1.0,0.0078167408,1.2990336954858457,0.698501114524659,0.0915027537372148,0.230197027625219,0.2115552360038887,"packaged vegetables fruits, lunch meat","packaged cheese, fresh vegetables","packaged vegetables fruits, lunch meat → packaged cheese, fresh vegetables"
"frozenset({'packaged cheese', 'lunch meat'})","frozenset({'packaged vegetables fruits', 'fresh vegetables'})",0.02522,0.21588,0.01163,0.4611419508326725,2.136103163019606,1.0,0.0061855064,1.4551513171449597,0.5456183097654048,0.0506820063624874,0.3127862455142994,0.2575072363020135,"packaged cheese, lunch meat","packaged vegetables fruits, fresh vegetables","packaged cheese, lunch meat → packaged vegetables fruits, fresh vegetables"
"frozenset({'yogurt', 'packaged vegetables fruits', 'lunch meat'})",frozenset({'fresh vegetables'}),0.01427,0.44933,0.01094,0.7666433076384023,1.7061921252495988,1.0,0.0045280609,2.359778048048048,0.4198913838686465,0.0241682499005876,0.5762313320834661,0.395495334632857,"yogurt, packaged vegetables fruits, lunch meat",fresh vegetables,"yogurt, packaged vegetables fruits, lunch meat → fresh vegetables"
"frozenset({'yogurt', 'fresh vegetables', 'lunch meat'})",frozenset({'packaged vegetables fruits'}),0.01597,0.3423,0.01094,0.6850344395742015,2.0012691778387426,1.0,0.005473469,2.0881648111332,0.5084368294013718,0.0314974231998387,0.5211105968894656,0.3584973541721431,"yogurt, fresh vegetables, lunch meat",packaged vegetables fruits,"yogurt, fresh vegetables, lunch meat → packaged vegetables fruits"
"frozenset({'packaged vegetables fruits', 'fresh vegetables', 'lunch meat'})",frozenset({'yogurt'}),0.02705,0.20368,0.01094,0.4044362292051756,1.9856452730026293,1.0,0.005430456,1.337086033519553,0.5101859034600759,0.0497747850220665,0.252104969365551,0.2290739669199483,"packaged vegetables fruits, fresh vegetables, lunch meat",yogurt,"packaged vegetables fruits, fresh vegetables, lunch meat → yogurt"
"frozenset({'yogurt', 'lunch meat'})","frozenset({'packaged vegetables fruits', 'fresh vegetables'})",0.02368,0.21588,0.01094,0.4619932432432432,2.1400465223422422,1.0,0.0058279616,1.4574538147566718,0.5456412229154946,0.0478523313795818,0.313871911497275,0.2563347724461537,"yogurt, lunch meat","packaged vegetables fruits, fresh vegetables","yogurt, lunch meat → packaged vegetables fruits, fresh vegetables"
"frozenset({'packaged vegetables fruits', 'packaged cheese', 'fresh vegetables'})",frozenset({'milk'}),0.05924,0.23003,0.02358,0.3980418636056718,1.7303910950992123,1.0,0.0099530228,1.2791088839035334,0.4486754992561731,0.0887500470473107,0.218205726983742,0.2502751160396745,"packaged vegetables fruits, packaged cheese, fresh vegetables",milk,"packaged vegetables fruits, packaged cheese, fresh vegetables → milk"
"frozenset({'packaged vegetables fruits', 'packaged cheese', 'milk'})",frozenset({'fresh vegetables'}),0.03158,0.44933,0.02358,0.7466751108296391,1.6617521884353128,1.0,0.0093901586,2.173769825000001,0.4112116184667351,0.0515601425666367,0.5399696929733581,0.3995766224702131,"packaged vegetables fruits, packaged cheese, milk",fresh vegetables,"packaged vegetables fruits, packaged cheese, milk → fresh vegetables"
"frozenset({'packaged vegetables fruits', 'fresh vegetables', 'milk'})",frozenset({'packaged cheese'}),0.06257,0.16892,0.02358,0.3768579191305737,2.230984602951538,1.0,0.0130106756,1.3336926288792,0.5885958557566078,0.1134144581790197,0.2502020492979903,0.2582253128686257,"packaged vegetables fruits, fresh vegetables, milk",packaged cheese,"packaged vegetables fruits, fresh vegetables, milk → packaged cheese"
"frozenset({'packaged cheese', 'fresh vegetables', 'milk'})",frozenset({'packaged vegetables fruits'}),0.03736,0.3423,0.02358,0.6311563169164883,1.8438688779330656,1.0,0.010791672,1.7831402031930337,0.4754239243268459,0.0662210739159739,0.4391916024273808,0.3500216290980338,"packaged cheese, fresh vegetables, milk",packaged vegetables fruits,"packaged cheese, fresh vegetables, milk → packaged vegetables fruits"
"frozenset({'packaged cheese', 'milk'})","frozenset({'packaged vegetables fruits', 'fresh vegetables'})",0.05748,0.21588,0.02358,0.4102296450939457,1.9002670237814792,1.0,0.0111712176,1.3295344424778763,0.5026505198180742,0.094403074705741,0.2478570181782708,0.2597284968104525,"packaged cheese, milk","packaged vegetables fruits, fresh vegetables","packaged cheese, milk → packaged vegetables fruits, fresh vegetables"
"frozenset({'yogurt', 'packaged cheese', 'fresh vegetables'})",frozenset({'milk'}),0.03592,0.23003,0.01661,0.4624164810690423,2.0102442336610107,1.0,0.0083473224,1.4322797721387883,0.5212721010959293,0.0666158658859388,0.3018123836890298,0.2673122269710729,"yogurt, packaged cheese, fresh vegetables",milk,"yogurt, packaged cheese, fresh vegetables → milk"
"frozenset({'yogurt', 'packaged cheese', 'milk'})",frozenset({'fresh vegetables'}),0.02428,0.44933,0.01661,0.6841021416803954,1.5224938056225834,1.0,0.0057002675999999,1.743190039113429,0.3517227050634067,0.0363457330415754,0.4263390809021654,0.3605341456404559,"yogurt, packaged cheese, milk",fresh vegetables,"yogurt, packaged cheese, milk → fresh vegetables"
"frozenset({'yogurt', 'fresh vegetables', 'milk'})",frozenset({'packaged cheese'}),0.04136,0.16892,0.01661,0.4015957446808511,2.377431592948444,1.0,0.0096234688,1.3888270222222223,0.6043749616592601,0.0857644446739298,0.2799679268913355,0.2499631576825993,"yogurt, fresh vegetables, milk",packaged cheese,"yogurt, fresh vegetables, milk → packaged cheese"
"frozenset({'packaged cheese', 'fresh vegetables', 'milk'})",frozenset({'yogurt'}),0.03736,0.20368,0.01661,0.444593147751606,2.182802178670493,1.0,0.0090005152,1.433759768674699,0.5629033503240362,0.0740097134964131,0.3025330868891978,0.2630713185733678,"packaged cheese, fresh vegetables, milk",yogurt,"packaged cheese, fresh vegetables, milk → yogurt"
"frozenset({'yogurt', 'packaged cheese'})","frozenset({'fresh vegetables', 'milk'})",0.05481,0.11551,0.01661,0.3030468892537858,2.623555443284441,1.0,0.0102788969,1.2690810706806284,0.6547232437216784,0.1080606336607897,0.2120282753380884,0.223421981550103,"yogurt, packaged cheese","fresh vegetables, milk","yogurt, packaged cheese → fresh vegetables, milk"
"frozenset({'packaged vegetables fruits', 'soy lactosefree', 'milk'})",frozenset({'fresh vegetables'}),0.01626,0.44933,0.01159,0.7127921279212792,1.5863443970384332,1.0,0.0042838941999999,1.9173220985010704,0.375729219051738,0.0255286343612334,0.4784392248012044,0.369293043908562,"packaged vegetables fruits, soy lactosefree, milk",fresh vegetables,"packaged vegetables fruits, soy lactosefree, milk → fresh vegetables"
"frozenset({'soy lactosefree', 'fresh vegetables', 'milk'})",frozenset({'packaged vegetables fruits'}),0.01812,0.3423,0.01159,0.6396247240618101,1.868608600823284,1.0,0.0053875239999999,1.825041960183767,0.4734208359354154,0.0332253533239686,0.452067392522138,0.336741955954364,"soy lactosefree, fresh vegetables, milk",packaged vegetables fruits,"soy lactosefree, fresh vegetables, milk → packaged vegetables fruits"
"frozenset({'soy lactosefree', 'milk'})","frozenset({'packaged vegetables fruits', 'fresh vegetables'})",0.03287,0.21588,0.01159,0.3526011560693641,1.6333201596690945,1.0,0.0044940243999999,1.211185357142857,0.4009286899738672,0.0488699612076235,0.1743625415361986,0.2031441948588436,"soy lactosefree, milk","packaged vegetables fruits, fresh vegetables","soy lactosefree, milk → packaged vegetables fruits, fresh vegetables"
"frozenset({'water seltzer sparkling water', 'packaged vegetables fruits', 'milk'})",frozenset({'fresh vegetables'}),0.01672,0.44933,0.01113,0.6656698564593302,1.4814720950288878,1.0,0.0036172024,1.6470845080500895,0.3305220519795381,0.0244658401477182,0.3928666106004144,0.3452200349441066,"water seltzer sparkling water, packaged vegetables fruits, milk",fresh vegetables,"water seltzer sparkling water, packaged vegetables fruits, milk → fresh vegetables"
"frozenset({'water seltzer sparkling water', 'fresh vegetables', 'milk'})",frozenset({'packaged vegetables fruits'}),0.0187,0.3423,0.01113,0.595187165775401,1.7387880975033625,1.0,0.0047289899999999,1.6247014531043589,0.4329835855017121,0.0318118158173035,0.3845023046607891,0.3138512515993569,"water seltzer sparkling water, fresh vegetables, milk",packaged vegetables fruits,"water seltzer sparkling water, fresh vegetables, milk → packaged vegetables fruits"
"frozenset({'water seltzer sparkling water', 'milk'})","frozenset({'packaged vegetables fruits', 'fresh vegetables'})",0.03696,0.21588,0.01113,0.3011363636363636,1.394924789866424,1.0,0.0031510751999999,1.1219928455284551,0.293981009821101,0.0460469157254561,0.1087287196301122,0.1763463919349133,"water seltzer sparkling water, milk","packaged vegetables fruits, fresh vegetables","water seltzer sparkling water, milk → packaged vegetables fruits, fresh vegetables"
"frozenset({'yogurt', 'packaged vegetables fruits', 'fresh vegetables'})",frozenset({'milk'}),0.06342,0.23003,0.02575,0.4060233364869126,1.7650886253397928,1.0,0.0111614973999999,1.296296718874436,0.4628074587421659,0.096189764661935,0.2285716800484597,0.2589826285529811,"yogurt, packaged vegetables fruits, fresh vegetables",milk,"yogurt, packaged vegetables fruits, fresh vegetables → milk"
"frozenset({'yogurt', 'packaged vegetables fruits', 'milk'})",frozenset({'fresh vegetables'}),0.03646,0.44933,0.02575,0.7062534284147011,1.5717922872158572,1.0,0.0093674282,1.8746431559290384,0.3775490580748861,0.0559733936179462,0.4665651450318722,0.3817804876032956,"yogurt, packaged vegetables fruits, milk",fresh vegetables,"yogurt, packaged vegetables fruits, milk → fresh vegetables"
"frozenset({'yogurt', 'fresh vegetables', 'milk'})",frozenset({'packaged vegetables fruits'}),0.04136,0.3423,0.02575,0.6225822050290135,1.8188203477330225,1.0,0.0115924719999999,1.7426311338885327,0.4696164226181264,0.0719454611494509,0.4261550935517919,0.3489043073056256,"yogurt, fresh vegetables, milk",packaged vegetables fruits,"yogurt, fresh vegetables, milk → packaged vegetables fruits"
"frozenset({'packaged vegetables fruits', 'fresh vegetables', 'milk'})",frozenset({'yogurt'}),0.06257,0.20368,0.02575,0.4115390762346172,2.0205178526837058,1.0,0.0130057423999999,1.3532249429657794,0.5387894293518253,0.107068607068607,0.2610245582612733,0.2689814391385183,"packaged vegetables fruits, fresh vegetables, milk",yogurt,"packaged vegetables fruits, fresh vegetables, milk → yogurt"
"frozenset({'yogurt', 'milk'})","frozenset({'packaged vegetables fruits', 'fresh vegetables'})",0.07134,0.21588,0.02575,0.3609475749929913,1.6719824670788923,1.0,0.0103491208,1.2270041851283178,0.432782292640466,0.098481661376066,0.1850068548092018,0.2401134020971997,"yogurt, milk","packaged vegetables fruits, fresh vegetables","yogurt, milk → packaged vegetables fruits, fresh vegetables"
"frozenset({'packaged vegetables fruits', 'packaged cheese', 'soy lactosefree'})",frozenset({'fresh vegetables'}),0.01751,0.44933,0.01338,0.7641347801256424,1.700609307470328,1.0,0.0055122316999999,2.334680799031476,0.4193177165957681,0.0295064614298945,0.5716759222867459,0.3969562245497239,"packaged vegetables fruits, packaged cheese, soy lactosefree",fresh vegetables,"packaged vegetables fruits, packaged cheese, soy lactosefree → fresh vegetables"
"frozenset({'soy lactosefree', 'packaged cheese', 'fresh vegetables'})",frozenset({'packaged vegetables fruits'}),0.02043,0.3423,0.01338,0.6549192364170338,1.913290202795892,1.0,0.0063868109999999,1.905930638297872,0.4872955832958828,0.0382996994418205,0.4753219346465467,0.3470038776300769,"soy lactosefree, packaged cheese, fresh vegetables",packaged vegetables fruits,"soy lactosefree, packaged cheese, fresh vegetables → packaged vegetables fruits"
"frozenset({'soy lactosefree', 'packaged cheese'})","frozenset({'packaged vegetables fruits', 'fresh vegetables'})",0.03026,0.21588,0.01338,0.44216787838731,2.048211406278071,1.0,0.0068474712,1.4056558767772511,0.5277385154598787,0.0574841037979034,0.2885883262604065,0.2520733777706422,"soy lactosefree, packaged cheese","packaged vegetables fruits, fresh vegetables","soy lactosefree, packaged cheese → packaged vegetables fruits, fresh vegetables"
"frozenset({'water seltzer sparkling water', 'packaged cheese', 'packaged vegetables fruits'})",frozenset({'fresh vegetables'}),0.01681,0.44933,0.01203,0.7156454491374183,1.5926945655474114,1.0,0.0044767627,1.9365612343096243,0.3784957386366399,0.0264913787408337,0.4836207694942858,0.3712093223921351,"water seltzer sparkling water, packaged cheese, packaged vegetables fruits",fresh vegetables,"water seltzer sparkling water, packaged cheese, packaged vegetables fruits → fresh vegetables"
"frozenset({'water seltzer sparkling water', 'packaged vegetables fruits', 'fresh vegetables'})",frozenset({'packaged cheese'}),0.0384,0.16892,0.01203,0.31328125,1.8546131304759652,1.0,0.005543472,1.210218885096701,0.4792054804751848,0.0616006964002253,0.1737031934350484,0.1922491971051385,"water seltzer sparkling water, packaged vegetables fruits, fresh vegetables",packaged cheese,"water seltzer sparkling water, packaged vegetables fruits, fresh vegetables → packaged cheese"
"frozenset({'water seltzer sparkling water', 'packaged cheese', 'fresh vegetables'})",frozenset({'packaged vegetables fruits'}),0.01832,0.3423,0.01203,0.6566593886462883,1.918373907818546,1.0,0.005759064,1.9155904610492849,0.4876591017769732,0.0345104564101092,0.4779677491961202,0.345901999318762,"water seltzer sparkling water, packaged cheese, fresh vegetables",packaged vegetables fruits,"water seltzer sparkling water, packaged cheese, fresh vegetables → packaged vegetables fruits"
"frozenset({'water seltzer sparkling water', 'packaged cheese'})","frozenset({'packaged vegetables fruits', 'fresh vegetables'})",0.0308,0.21588,0.01203,0.3905844155844156,1.809266331222974,1.0,0.005380896,1.2866753329781566,0.4615041018996052,0.0512678457276795,0.2228031622512059,0.2231549092930416,"water seltzer sparkling water, packaged cheese","packaged vegetables fruits, fresh vegetables","water seltzer sparkling water, packaged cheese → packaged vegetables fruits, fresh vegetables"
"frozenset({'yogurt', 'packaged vegetables fruits', 'packaged cheese'})",frozenset({'fresh vegetables'}),0.03128,0.44933,0.02352,0.7519181585677749,1.673420778865811,1.0,0.0094649575999999,2.2197110309278347,0.4154158752443085,0.0514559495941718,0.5494909084710895,0.4021313802653487,"yogurt, packaged vegetables fruits, packaged cheese",fresh vegetables,"yogurt, packaged vegetables fruits, packaged cheese → fresh vegetables"
"frozenset({'yogurt', 'packaged vegetables fruits', 'fresh vegetables'})",frozenset({'packaged cheese'}),0.06342,0.16892,0.02352,0.3708609271523178,2.195482637652841,1.0,0.0128070936,1.320979789473684,0.5813911099044243,0.1126328895699645,0.2429861471246063,0.2550492180161305,"yogurt, packaged vegetables fruits, fresh vegetables",packaged cheese,"yogurt, packaged vegetables fruits, fresh vegetables → packaged cheese"
"frozenset({'yogurt', 'packaged cheese', 'fresh vegetables'})",frozenset({'packaged vegetables fruits'}),0.03592,0.3423,0.02352,0.6547884187082404,1.9129080301146375,1.0,0.011224584,1.905208387096773,0.4950167146769088,0.0663095573724274,0.4751230328542504,0.3617500375749791,"yogurt, packaged cheese, fresh vegetables",packaged vegetables fruits,"yogurt, packaged cheese, fresh vegetables → packaged vegetables fruits"
"frozenset({'packaged vegetables fruits', 'packaged cheese', 'fresh vegetables'})",frozenset({'yogurt'}),0.05924,0.20368,0.02352,0.3970290344361917,1.9492784487244288,1.0,0.0114539968,1.3206606047032474,0.5176555761979097,0.0982456140350877,0.2428031877086997,0.2562521448693134,"packaged vegetables fruits, packaged cheese, fresh vegetables",yogurt,"packaged vegetables fruits, packaged cheese, fresh vegetables → yogurt"
"frozenset({'yogurt', 'packaged cheese'})","frozenset({'packaged vegetables fruits', 'fresh vegetables'})",0.05481,0.21588,0.02352,0.4291187739463601,1.987765304550492,1.0,0.0116876172,1.373525637583893,0.5257382113649108,0.0951571792693288,0.2719466075936848,0.2690340951443863,"yogurt, packaged cheese","packaged vegetables fruits, fresh vegetables","yogurt, packaged cheese → packaged vegetables fruits, fresh vegetables"
"frozenset({'yogurt', 'packaged vegetables fruits', 'soy lactosefree'})",frozenset({'fresh vegetables'}),0.02038,0.44933,0.01468,0.7203140333660452,1.603084666873,1.0,0.0055226546,1.9688867719298249,0.3840291433696667,0.0322616091246731,0.4920987767011915,0.3764924494384584,"yogurt, packaged vegetables fruits, soy lactosefree",fresh vegetables,"yogurt, packaged vegetables fruits, soy lactosefree → fresh vegetables"
"frozenset({'yogurt', 'soy lactosefree', 'fresh vegetables'})",frozenset({'packaged vegetables fruits'}),0.02239,0.3423,0.01468,0.6556498436802144,1.9154246090570095,1.0,0.007015903,1.9099744487678336,0.4888683091252377,0.0419416588097482,0.4764327864987295,0.3492681003385004,"yogurt, soy lactosefree, fresh vegetables",packaged vegetables fruits,"yogurt, soy lactosefree, fresh vegetables → packaged vegetables fruits"
"frozenset({'packaged vegetables fruits', 'soy lactosefree', 'fresh vegetables'})",frozenset({'yogurt'}),0.04676,0.20368,0.01468,0.3139435414884516,1.5413567433643542,1.0,0.0051559231999999,1.1607207980049876,0.3684496311847149,0.0622667119104173,0.1384663721725583,0.1930086914040844,"packaged vegetables fruits, soy lactosefree, fresh vegetables",yogurt,"packaged vegetables fruits, soy lactosefree, fresh vegetables → yogurt"
"frozenset({'yogurt', 'soy lactosefree'})","frozenset({'packaged vegetables fruits', 'fresh vegetables'})",0.03763,0.21588,0.01468,0.3901142705288334,1.807088523850442,1.0,0.0065564356,1.285683468409586,0.4640872829308006,0.0614663149520579,0.222203579208327,0.2290575058406627,"yogurt, soy lactosefree","packaged vegetables fruits, fresh vegetables","yogurt, soy lactosefree → packaged vegetables fruits, fresh vegetables"
"frozenset({'yogurt', 'water seltzer sparkling water', 'packaged vegetables fruits'})",frozenset({'fresh vegetables'}),0.01815,0.44933,0.01222,0.6732782369146005,1.4984048180949423,1.0,0.0040646605,1.6854402192242832,0.3387723265651277,0.0268418046830382,0.4066831984938358,0.3502371421815118,"yogurt, water seltzer sparkling water, packaged vegetables fruits",fresh vegetables,"yogurt, water seltzer sparkling water, packaged vegetables fruits → fresh vegetables"
"frozenset({'yogurt', 'water seltzer sparkling water', 'fresh vegetables'})",frozenset({'packaged vegetables fruits'}),0.0194,0.3423,0.01222,0.6298969072164948,1.840189620848656,1.0,0.00557938,1.7770724233983284,0.4656105867912795,0.0349662355499599,0.4372767328820052,0.3327982929304793,"yogurt, water seltzer sparkling water, fresh vegetables",packaged vegetables fruits,"yogurt, water seltzer sparkling water, fresh vegetables → packaged vegetables fruits"
"frozenset({'water seltzer sparkling water', 'packaged vegetables fruits', 'fresh vegetables'})",frozenset({'yogurt'}),0.0384,0.20368,0.01222,0.3182291666666667,1.562397715370516,1.0,0.004398688,1.1680171122994654,0.3743324682539468,0.0531627947446271,0.1438481598687294,0.1891126194684472,"water seltzer sparkling water, packaged vegetables fruits, fresh vegetables",yogurt,"water seltzer sparkling water, packaged vegetables fruits, fresh vegetables → yogurt"
"frozenset({'yogurt', 'water seltzer sparkling water'})","frozenset({'packaged vegetables fruits', 'fresh vegetables'})",0.03743,0.21588,0.01222,0.3264760886989046,1.5123035422406184,1.0,0.0041396116,1.164205140817136,0.3519298199019751,0.0506864656352399,0.1410448511693422,0.1915408051424855,"yogurt, water seltzer sparkling water","packaged vegetables fruits, fresh vegetables","yogurt, water seltzer sparkling water → packaged vegetables fruits, fresh vegetables"
"frozenset({'yogurt', 'packaged vegetables fruits', 'packaged cheese'})",frozenset({'milk'}),0.03128,0.23003,0.01473,0.4709079283887468,2.0471587548960866,1.0,0.0075346615999999,1.4552665619335343,0.5280350350126427,0.0597372049639062,0.3128406670243603,0.2674715271209482,"yogurt, packaged vegetables fruits, packaged cheese",milk,"yogurt, packaged vegetables fruits, packaged cheese → milk"
"frozenset({'yogurt', 'packaged vegetables fruits', 'milk'})",frozenset({'packaged cheese'}),0.03646,0.16892,0.01473,0.4040043883708173,2.3916906723349363,1.0,0.0085711768,1.3944397975149565,0.603904072278393,0.0772619984264358,0.2828661360769329,0.2456027151420745,"yogurt, packaged vegetables fruits, milk",packaged cheese,"yogurt, packaged vegetables fruits, milk → packaged cheese"
"frozenset({'yogurt', 'packaged cheese', 'milk'})",frozenset({'packaged vegetables fruits'}),0.02428,0.3423,0.01473,0.60667215815486,1.7723405146212678,1.0,0.006418956,1.6721419895287957,0.4466182286778375,0.0418644308654256,0.40196466193532,0.3248522929249322,"yogurt, packaged cheese, milk",packaged vegetables fruits,"yogurt, packaged cheese, milk → packaged vegetables fruits"
"frozenset({'packaged vegetables fruits', 'packaged cheese', 'milk'})",frozenset({'yogurt'}),0.03158,0.20368,0.01473,0.4664344521849272,2.290035605778315,1.0,0.0082977856,1.4924501839762616,0.5816955111112251,0.066793633519249,0.3299608853035554,0.2693768883077032,"packaged vegetables fruits, packaged cheese, milk",yogurt,"packaged vegetables fruits, packaged cheese, milk → yogurt"
"frozenset({'fresh fruits', 'bread', 'packaged vegetables fruits', 'milk'})",frozenset({'fresh vegetables'}),0.01587,0.44933,0.01169,0.7366099558916195,1.6393518258109172,1.0,0.0045591329,2.090701650717704,0.3962919679018601,0.0257767193667173,0.521691677214338,0.3813132346836194,"fresh fruits, bread, packaged vegetables fruits, milk",fresh vegetables,"fresh fruits, bread, packaged vegetables fruits, milk → fresh vegetables"
"frozenset({'fresh fruits', 'bread', 'packaged vegetables fruits', 'fresh vegetables'})",frozenset({'milk'}),0.02777,0.23003,0.01169,0.4209578682030969,1.8300129035477848,1.0,0.0053020669,1.3297305286069654,0.4665107696858087,0.0474990857746536,0.2479679314818718,0.2358886632673094,"fresh fruits, bread, packaged vegetables fruits, fresh vegetables",milk,"fresh fruits, bread, packaged vegetables fruits, fresh vegetables → milk"
"frozenset({'fresh fruits', 'bread', 'fresh vegetables', 'milk'})",frozenset({'packaged vegetables fruits'}),0.01829,0.3423,0.01169,0.6391470749043193,1.8672131899045263,1.0,0.005429333,1.822626212121212,0.4730954303919282,0.0335053023789051,0.4513411508352126,0.3366492020738365,"fresh fruits, bread, fresh vegetables, milk",packaged vegetables fruits,"fresh fruits, bread, fresh vegetables, milk → packaged vegetables fruits"
"frozenset({'bread', 'packaged vegetables fruits', 'fresh vegetables', 'milk'})",frozenset({'fresh fruits'}),0.01272,0.57912,0.01169,0.9190251572327044,1.586933894931455,1.0,0.0043235936,5.197663689320388,0.3746191851194066,0.0201499612169266,0.8076058668330746,0.4696054781881162,"bread, packaged vegetables fruits, fresh vegetables, milk",fresh fruits,"bread, packaged vegetables fruits, fresh vegetables, milk → fresh fruits"
"frozenset({'fresh fruits', 'bread', 'packaged vegetables fruits'})","frozenset({'fresh vegetables', 'milk'})",0.03822,0.11551,0.01169,0.3058608058608059,2.647916248470313,1.0,0.0072752078,1.2742256992084433,0.6470757874963127,0.0823007603491974,0.2152096754749131,0.2035320824386706,"fresh fruits, bread, packaged vegetables fruits","fresh vegetables, milk","fresh fruits, bread, packaged vegetables fruits → fresh vegetables, milk"
"frozenset({'fresh fruits', 'bread', 'milk'})","frozenset({'packaged vegetables fruits', 'fresh vegetables'})",0.0282,0.21588,0.01169,0.4145390070921986,1.920228863684448,1.0,0.005602184,1.3393206541490008,0.4931351538536428,0.0503033693360299,0.2533528121871634,0.23434473052405,"fresh fruits, bread, milk","packaged vegetables fruits, fresh vegetables","fresh fruits, bread, milk → packaged vegetables fruits, fresh vegetables"
"frozenset({'bread', 'packaged vegetables fruits', 'milk'})","frozenset({'fresh fruits', 'fresh vegetables'})",0.01778,0.32152,0.01169,0.65748031496063,2.044912649168418,1.0,0.0059733744,1.980849655172414,0.5202312688463151,0.0356826714691248,0.495166128641419,0.3469194309314222,"bread, packaged vegetables fruits, milk","fresh fruits, fresh vegetables","bread, packaged vegetables fruits, milk → fresh fruits, fresh vegetables"
"frozenset({'bread', 'packaged vegetables fruits', 'fresh vegetables'})","frozenset({'fresh fruits', 'milk'})",0.03131,0.15639,0.01169,0.3733631427658895,2.387385016726706,1.0,0.0067934291,1.3462502089704385,0.5999149981295016,0.0664166808704051,0.2571960298786045,0.2240560838198013,"bread, packaged vegetables fruits, fresh vegetables","fresh fruits, milk","bread, packaged vegetables fruits, fresh vegetables → fresh fruits, milk"
"frozenset({'bread', 'fresh vegetables', 'milk'})","frozenset({'fresh fruits', 'packaged vegetables fruits'})",0.02132,0.2571,0.01169,0.5483114446529082,2.1326777310498177,1.0,0.006208628,1.6447173416407064,0.5426757494592235,0.0438270910658718,0.3919927912948017,0.2968900669394451,"bread, fresh vegetables, milk","fresh fruits, packaged vegetables fruits","bread, fresh vegetables, milk → fresh fruits, packaged vegetables fruits"
"frozenset({'bread', 'milk'})","frozenset({'fresh fruits', 'packaged vegetables fruits', 'fresh vegetables'})",0.03579,0.17477,0.01169,0.3266275495948589,1.868899408335864,1.0,0.0054349817,1.2255179128630709,0.4821830543554145,0.0587821189721928,0.1840184549699585,0.1967577297095997,"bread, milk","fresh fruits, packaged vegetables fruits, fresh vegetables","bread, milk → fresh fruits, packaged vegetables fruits, fresh vegetables"
"frozenset({'fresh fruits', 'bread', 'packaged vegetables fruits', 'packaged cheese'})",frozenset({'fresh vegetables'}),0.01437,0.44933,0.01118,0.7780097425191371,1.7314885329693923,1.0,0.0047231279,2.4806043573667718,0.4286215365608807,0.0247060903385485,0.5968724327076781,0.4014456163689536,"fresh fruits, bread, packaged vegetables fruits, packaged cheese",fresh vegetables,"fresh fruits, bread, packaged vegetables fruits, packaged cheese → fresh vegetables"
"frozenset({'fresh fruits', 'bread', 'packaged vegetables fruits', 'fresh vegetables'})",frozenset({'packaged cheese'}),0.02777,0.16892,0.01118,0.4025927259632697,2.383333684366977,1.0,0.0064890916,1.391144761904762,0.596998284581063,0.0602662929222144,0.2811675482062734,0.2343889511890703,"fresh fruits, bread, packaged vegetables fruits, fresh vegetables",packaged cheese,"fresh fruits, bread, packaged vegetables fruits, fresh vegetables → packaged cheese"
"frozenset({'fresh fruits', 'bread', 'packaged cheese', 'fresh vegetables'})",frozenset({'packaged vegetables fruits'}),0.01632,0.3423,0.01118,0.6850490196078431,2.001311772152624,1.0,0.005593664,2.0882614785992217,0.5086285459558674,0.0321782178217821,0.5211327651023919,0.358855213864687,"fresh fruits, bread, packaged cheese, fresh vegetables",packaged vegetables fruits,"fresh fruits, bread, packaged cheese, fresh vegetables → packaged vegetables fruits"
"frozenset({'bread', 'packaged vegetables fruits', 'packaged cheese', 'fresh vegetables'})",frozenset({'fresh fruits'}),0.01219,0.57912,0.01118,0.9171452009844137,1.5836876657418386,1.0,0.0041205272,5.079729900990105,0.3731105793214998,0.0192715425852826,0.80313913938513,0.4682251768149033,"bread, packaged vegetables fruits, packaged cheese, fresh vegetables",fresh fruits,"bread, packaged vegetables fruits, packaged cheese, fresh vegetables → fresh fruits"
"frozenset({'fresh fruits', 'bread', 'packaged cheese'})","frozenset({'packaged vegetables fruits', 'fresh vegetables'})",0.02295,0.21588,0.01118,0.4871459694989106,2.256559058268069,1.0,0.006225554,1.528934069668649,0.5699272361519777,0.0491104766088293,0.3459495606525923,0.2694669999430814,"fresh fruits, bread, packaged cheese","packaged vegetables fruits, fresh vegetables","fresh fruits, bread, packaged cheese → packaged vegetables fruits, fresh vegetables"
"frozenset({'bread', 'packaged vegetables fruits', 'packaged cheese'})","frozenset({'fresh fruits', 'fresh vegetables'})",0.01612,0.32152,0.01118,0.6935483870967742,2.1570925202064397,1.0,0.0059970976,2.2139873684210527,0.5452016742446376,0.0342461557311768,0.5483262396780662,0.364160359261251,"bread, packaged vegetables fruits, packaged cheese","fresh fruits, fresh vegetables","bread, packaged vegetables fruits, packaged cheese → fresh fruits, fresh vegetables"
"frozenset({'bread', 'packaged vegetables fruits', 'fresh vegetables'})","frozenset({'fresh fruits', 'packaged cheese'})",0.03131,0.1199,0.01118,0.3570744171191313,2.978101894237959,1.0,0.007425931,1.3688987083954298,0.6856844325343499,0.0798400342783689,0.2694857597081369,0.2251593937138609,"bread, packaged vegetables fruits, fresh vegetables","fresh fruits, packaged cheese","bread, packaged vegetables fruits, fresh vegetables → fresh fruits, packaged cheese"
"frozenset({'bread', 'packaged cheese', 'fresh vegetables'})","frozenset({'fresh fruits', 'packaged vegetables fruits'})",0.01882,0.2571,0.01118,0.5940488841657812,2.310575200955975,1.0,0.006341378,1.83002329842932,0.5780869305590607,0.0422301125632696,0.4535588695191562,0.3187669547238863,"bread, packaged cheese, fresh vegetables","fresh fruits, packaged vegetables fruits","bread, packaged cheese, fresh vegetables → fresh fruits, packaged vegetables fruits"
"frozenset({'bread', 'packaged cheese'})","frozenset({'fresh fruits', 'packaged vegetables fruits', 'fresh vegetables'})",0.02895,0.17477,0.01118,0.3861830742659758,2.2096645549349194,1.0,0.0061204085,1.3444236634777718,0.5637635762847863,0.0580658564454139,0.2561868500490479,0.2250764315656709,"bread, packaged cheese","fresh fruits, packaged vegetables fruits, fresh vegetables","bread, packaged cheese → fresh fruits, packaged vegetables fruits, fresh vegetables"
"frozenset({'fresh fruits', 'yogurt', 'packaged vegetables fruits', 'bread'})",frozenset({'fresh vegetables'}),0.01521,0.44933,0.01143,0.7514792899408284,1.6724440610260352,1.0,0.0045956906999999,2.21579119047619,0.4082826563687226,0.0252256626426254,0.5486939363699281,0.3884585820545171,"fresh fruits, yogurt, packaged vegetables fruits, bread",fresh vegetables,"fresh fruits, yogurt, packaged vegetables fruits, bread → fresh vegetables"
"frozenset({'fresh fruits', 'yogurt', 'fresh vegetables', 'bread'})",frozenset({'packaged vegetables fruits'}),0.01712,0.3423,0.01143,0.6676401869158878,1.9504533652231604,1.0,0.0055698239999999,1.9788794376098413,0.4957865534592646,0.0328457714302135,0.4946635045094842,0.3505159742642541,"fresh fruits, yogurt, fresh vegetables, bread",packaged vegetables fruits,"fresh fruits, yogurt, fresh vegetables, bread → packaged vegetables fruits"
"frozenset({'fresh fruits', 'bread', 'packaged vegetables fruits', 'fresh vegetables'})",frozenset({'yogurt'}),0.02777,0.20368,0.01143,0.4115952466690673,2.020793630543339,1.0,0.0057738063999999,1.3533541248470011,0.5195734722086227,0.0519498227433869,0.2610950957769079,0.2338563428946279,"fresh fruits, bread, packaged vegetables fruits, fresh vegetables",yogurt,"fresh fruits, bread, packaged vegetables fruits, fresh vegetables → yogurt"
"frozenset({'yogurt', 'bread', 'packaged vegetables fruits', 'fresh vegetables'})",frozenset({'fresh fruits'}),0.01232,0.57912,0.01143,0.9277597402597404,1.6020164046479837,1.0,0.0042952416,5.8261141573033735,0.3804741076732005,0.0197065567835037,0.8283590103111107,0.4737482911825017,"yogurt, bread, packaged vegetables fruits, fresh vegetables",fresh fruits,"yogurt, bread, packaged vegetables fruits, fresh vegetables → fresh fruits"
"frozenset({'fresh fruits', 'yogurt', 'bread'})","frozenset({'packaged vegetables fruits', 'fresh vegetables'})",0.02546,0.21588,0.01143,0.4489395129615082,2.0795789927807498,1.0,0.0059336951999999,1.4229290947968636,0.5326958753054877,0.0497151059110086,0.2972242934263993,0.250942797058853,"fresh fruits, yogurt, bread","packaged vegetables fruits, fresh vegetables","fresh fruits, yogurt, bread → packaged vegetables fruits, fresh vegetables"
"frozenset({'yogurt', 'bread', 'packaged vegetables fruits'})","frozenset({'fresh fruits', 'fresh vegetables'})",0.01685,0.32152,0.01143,0.6783382789317507,2.109785639872328,1.0,0.006012388,2.109296678966789,0.5350335124093825,0.0349605432189392,0.5259083229155623,0.3569440834817997,"yogurt, bread, packaged vegetables fruits","fresh fruits, fresh vegetables","yogurt, bread, packaged vegetables fruits → fresh fruits, fresh vegetables"
"frozenset({'yogurt', 'bread', 'fresh vegetables'})","frozenset({'fresh fruits', 'packaged vegetables fruits'})",0.01911,0.2571,0.01143,0.598116169544741,2.326395058517079,1.0,0.006516819,1.848544140625,0.5812582386412212,0.0431679129843643,0.4590337455172176,0.3212867895565012,"yogurt, bread, fresh vegetables","fresh fruits, packaged vegetables fruits","yogurt, bread, fresh vegetables → fresh fruits, packaged vegetables fruits"
"frozenset({'bread', 'packaged vegetables fruits', 'fresh vegetables'})","frozenset({'fresh fruits', 'yogurt'})",0.03131,0.14829,0.01143,0.3650590865538167,2.461791668715468,1.0,0.0067870400999999,1.341400407444668,0.6129843239600933,0.0679669382172801,0.2545104396494307,0.2210688918506489,"bread, packaged vegetables fruits, fresh vegetables","fresh fruits, yogurt","bread, packaged vegetables fruits, fresh vegetables → fresh fruits, yogurt"
"frozenset({'yogurt', 'bread'})","frozenset({'fresh fruits', 'packaged vegetables fruits', 'fresh vegetables'})",0.03049,0.17477,0.01143,0.3748770088553624,2.144973444271685,1.0,0.0061012626999999,1.320108221406086,0.5505809759876084,0.0589691998142702,0.2424863478731534,0.220138624585603,"yogurt, bread","fresh fruits, packaged vegetables fruits, fresh vegetables","yogurt, bread → fresh fruits, packaged vegetables fruits, fresh vegetables"
"frozenset({'fresh fruits', 'packaged vegetables fruits', 'eggs', 'milk'})",frozenset({'fresh vegetables'}),0.01754,0.44933,0.01346,0.7673888255416191,1.7078513020310666,1.0,0.0055787518,2.36734112745098,0.4218685037186728,0.0296861560177322,0.5775851699595386,0.398672268689622,"fresh fruits, packaged vegetables fruits, eggs, milk",fresh vegetables,"fresh fruits, packaged vegetables fruits, eggs, milk → fresh vegetables"
"frozenset({'fresh fruits', 'packaged vegetables fruits', 'fresh vegetables', 'eggs'})",frozenset({'milk'}),0.0348,0.23003,0.01346,0.3867816091954023,1.6814398521732048,1.0,0.005454956,1.255621180880975,0.4198835677721406,0.0535465648247603,0.2035814501803996,0.2226478580255149,"fresh fruits, packaged vegetables fruits, fresh vegetables, eggs",milk,"fresh fruits, packaged vegetables fruits, fresh vegetables, eggs → milk"
"frozenset({'fresh fruits', 'fresh vegetables', 'eggs', 'milk'})",frozenset({'packaged vegetables fruits'}),0.02095,0.3423,0.01346,0.6424821002386635,1.8769561794877692,1.0,0.006288815,1.839628170894526,0.4772202759247543,0.0384802309957402,0.456411890282292,0.3409021660994661,"fresh fruits, fresh vegetables, eggs, milk",packaged vegetables fruits,"fresh fruits, fresh vegetables, eggs, milk → packaged vegetables fruits"
"frozenset({'packaged vegetables fruits', 'fresh vegetables', 'eggs', 'milk'})",frozenset({'fresh fruits'}),0.01486,0.57912,0.01346,0.9057873485868102,1.5640754050746135,1.0,0.0048542768,4.46734057142857,0.3660846539155807,0.023186109005719,0.7761531756957095,0.4645147545531095,"packaged vegetables fruits, fresh vegetables, eggs, milk",fresh fruits,"packaged vegetables fruits, fresh vegetables, eggs, milk → fresh fruits"
"frozenset({'fresh fruits', 'eggs', 'milk'})","frozenset({'packaged vegetables fruits', 'fresh vegetables'})",0.03037,0.21588,0.01346,0.4432005268356931,2.0529948435968737,1.0,0.0069037244,1.4082628267297457,0.5289715831772291,0.0578203531079513,0.2899052783192535,0.2527749901178651,"fresh fruits, eggs, milk","packaged vegetables fruits, fresh vegetables","fresh fruits, eggs, milk → packaged vegetables fruits, fresh vegetables"
"frozenset({'packaged vegetables fruits', 'eggs', 'milk'})","frozenset({'fresh fruits', 'fresh vegetables'})",0.0199,0.32152,0.01346,0.6763819095477387,2.1037008881181225,1.0,0.007061752,2.096545341614907,0.535299715451906,0.0410415904378582,0.5230248637362026,0.3591227786106447,"packaged vegetables fruits, eggs, milk","fresh fruits, fresh vegetables","packaged vegetables fruits, eggs, milk → fresh fruits, fresh vegetables"
"frozenset({'packaged vegetables fruits', 'fresh vegetables', 'eggs'})","frozenset({'fresh fruits', 'milk'})",0.04027,0.15639,0.01346,0.3342438539855972,2.1372456933665656,1.0,0.0071621746999999,1.2671456434166355,0.5544351804987748,0.073471615720524,0.2108247341610426,0.2101553690287343,"packaged vegetables fruits, fresh vegetables, eggs","fresh fruits, milk","packaged vegetables fruits, fresh vegetables, eggs → fresh fruits, milk"
"frozenset({'fresh vegetables', 'eggs', 'milk'})","frozenset({'fresh fruits', 'packaged vegetables fruits'})",0.02459,0.2571,0.01346,0.5473769825132168,2.1290431058468173,1.0,0.0071379109999999,1.6413217430368374,0.5436743763924593,0.0501808149722253,0.3907349340600575,0.299865076242995,"fresh vegetables, eggs, milk","fresh fruits, packaged vegetables fruits","fresh vegetables, eggs, milk → fresh fruits, packaged vegetables fruits"
"frozenset({'eggs', 'milk'})","frozenset({'fresh fruits', 'packaged vegetables fruits', 'fresh vegetables'})",0.03868,0.17477,0.01346,0.3479834539813857,1.9910937459597515,1.0,0.0066998964,1.2656580650277558,0.5177916583123169,0.0673033651682584,0.209897185004648,0.2124994800375544,"eggs, milk","fresh fruits, packaged vegetables fruits, fresh vegetables","eggs, milk → fresh fruits, packaged vegetables fruits, fresh vegetables"
"frozenset({'fresh fruits', 'packaged vegetables fruits', 'packaged cheese', 'eggs'})",frozenset({'fresh vegetables'}),0.01464,0.44933,0.01185,0.8094262295081966,1.801407049402881,1.0,0.0052718088,2.889537204301074,0.4514881665044607,0.026209855790498,0.6539238191806284,0.4178994143557274,"fresh fruits, packaged vegetables fruits, packaged cheese, eggs",fresh vegetables,"fresh fruits, packaged vegetables fruits, packaged cheese, eggs → fresh vegetables"
"frozenset({'fresh fruits', 'packaged vegetables fruits', 'fresh vegetables', 'eggs'})",frozenset({'packaged cheese'}),0.0348,0.16892,0.01185,0.3405172413793103,2.015849167530845,1.0,0.005971584,1.260199738562091,0.5221002271451578,0.0617605670506071,0.2064749980498993,0.2053343962046918,"fresh fruits, packaged vegetables fruits, fresh vegetables, eggs",packaged cheese,"fresh fruits, packaged vegetables fruits, fresh vegetables, eggs → packaged cheese"
"frozenset({'fresh fruits', 'packaged cheese', 'fresh vegetables', 'eggs'})",frozenset({'packaged vegetables fruits'}),0.01714,0.3423,0.01185,0.691365227537923,2.0197640302013524,1.0,0.005982978,2.1309977315689976,0.5136974322160309,0.0340918898702494,0.5307362437858035,0.362991991507787,"fresh fruits, packaged cheese, fresh vegetables, eggs",packaged vegetables fruits,"fresh fruits, packaged cheese, fresh vegetables, eggs → packaged vegetables fruits"
"frozenset({'packaged vegetables fruits', 'packaged cheese', 'fresh vegetables', 'eggs'})",frozenset({'fresh fruits'}),0.01318,0.57912,0.01185,0.8990895295902882,1.5525098936149473,1.0,0.0042171983999999,4.17082586466165,0.3606348893607621,0.0204151951072443,0.7602393309026045,0.4597758049940666,"packaged vegetables fruits, packaged cheese, fresh vegetables, eggs",fresh fruits,"packaged vegetables fruits, packaged cheese, fresh vegetables, eggs → fresh fruits"
"frozenset({'fresh fruits', 'packaged cheese', 'eggs'})","frozenset({'packaged vegetables fruits', 'fresh vegetables'})",0.02279,0.21588,0.01185,0.5199648968845985,2.4085829946479453,1.0,0.0069300948,1.6334638756855575,0.5984569607170194,0.0522440701878141,0.3878040311235506,0.2874282516663126,"fresh fruits, packaged cheese, eggs","packaged vegetables fruits, fresh vegetables","fresh fruits, packaged cheese, eggs → packaged vegetables fruits, fresh vegetables"
"frozenset({'packaged vegetables fruits', 'packaged cheese', 'eggs'})","frozenset({'fresh fruits', 'fresh vegetables'})",0.01673,0.32152,0.01185,0.7083084279737,2.202999589368313,1.0,0.0064709704,2.326018524590164,0.5553647029572685,0.0363051470588235,0.570080810007222,0.3725823055519159,"packaged vegetables fruits, packaged cheese, eggs","fresh fruits, fresh vegetables","packaged vegetables fruits, packaged cheese, eggs → fresh fruits, fresh vegetables"
"frozenset({'packaged cheese', 'fresh vegetables', 'eggs'})","frozenset({'fresh fruits', 'packaged vegetables fruits'})",0.02005,0.2571,0.01185,0.5910224438902744,2.298803749087026,1.0,0.006695145,1.816481097560976,0.5765509865202371,0.0446664153788164,0.449485050330158,0.3185567295297346,"packaged cheese, fresh vegetables, eggs","fresh fruits, packaged vegetables fruits","packaged cheese, fresh vegetables, eggs → fresh fruits, packaged vegetables fruits"
"frozenset({'packaged cheese', 'eggs'})","frozenset({'fresh fruits', 'packaged vegetables fruits', 'fresh vegetables'})",0.0285,0.17477,0.01185,0.4157894736842105,2.379066622899871,1.0,0.0068690549999999,1.4125558558558555,0.5966722476660781,0.0619057569741928,0.2920633928531567,0.2417964362184284,"packaged cheese, eggs","fresh fruits, packaged vegetables fruits, fresh vegetables","packaged cheese, eggs → fresh fruits, packaged vegetables fruits, fresh vegetables"
"frozenset({'fresh fruits', 'yogurt', 'packaged vegetables fruits', 'eggs'})",frozenset({'fresh vegetables'}),0.01627,0.44933,0.01271,0.7811923786109405,1.7385716035228906,1.0,0.0053994009,2.5166856460674167,0.4318412339015419,0.028064209852282,0.6026520032159741,0.4047394693001289,"fresh fruits, yogurt, packaged vegetables fruits, eggs",fresh vegetables,"fresh fruits, yogurt, packaged vegetables fruits, eggs → fresh vegetables"
"frozenset({'fresh fruits', 'yogurt', 'fresh vegetables', 'eggs'})",frozenset({'packaged vegetables fruits'}),0.01882,0.3423,0.01271,0.675345377258236,1.9729634158873384,1.0,0.006267914,2.0258451718494275,0.5026072991096048,0.0364800091845813,0.506378861575545,0.3562382743726178,"fresh fruits, yogurt, fresh vegetables, eggs",packaged vegetables fruits,"fresh fruits, yogurt, fresh vegetables, eggs → packaged vegetables fruits"
"frozenset({'fresh fruits', 'packaged vegetables fruits', 'fresh vegetables', 'eggs'})",frozenset({'yogurt'}),0.0348,0.20368,0.01271,0.3652298850574713,1.793155366542966,1.0,0.005621936,1.2545014033499322,0.4582716944637997,0.0562962306772379,0.2028705609019883,0.2138158459065832,"fresh fruits, packaged vegetables fruits, fresh vegetables, eggs",yogurt,"fresh fruits, packaged vegetables fruits, fresh vegetables, eggs → yogurt"
"frozenset({'yogurt', 'packaged vegetables fruits', 'fresh vegetables', 'eggs'})",frozenset({'fresh fruits'}),0.01387,0.57912,0.01271,0.916366258111031,1.5823426200287178,1.0,0.0046776056,5.032418620689656,0.3732019283704159,0.0219032191355897,0.8012883912541129,0.4691566751254146,"yogurt, packaged vegetables fruits, fresh vegetables, eggs",fresh fruits,"yogurt, packaged vegetables fruits, fresh vegetables, eggs → fresh fruits"
"frozenset({'fresh fruits', 'yogurt', 'eggs'})","frozenset({'packaged vegetables fruits', 'fresh vegetables'})",0.02643,0.21588,0.01271,0.4808929247067726,2.227593684948919,1.0,0.0070042916,1.5105168804664724,0.5660456858240883,0.0553571428571428,0.3379749588159626,0.2698841128999862,"fresh fruits, yogurt, eggs","packaged vegetables fruits, fresh vegetables","fresh fruits, yogurt, eggs → packaged vegetables fruits, fresh vegetables"
"frozenset({'yogurt', 'packaged vegetables fruits', 'eggs'})","frozenset({'fresh fruits', 'fresh vegetables'})",0.0183,0.32152,0.01271,0.6945355191256831,2.160162724327206,1.0,0.006826184,2.221142039355993,0.5470835406747573,0.038855430894806,0.5497811565936847,0.3670332484904355,"yogurt, packaged vegetables fruits, eggs","fresh fruits, fresh vegetables","yogurt, packaged vegetables fruits, eggs → fresh fruits, fresh vegetables"
"frozenset({'yogurt', 'fresh vegetables', 'eggs'})","frozenset({'fresh fruits', 'packaged vegetables fruits'})",0.02153,0.2571,0.01271,0.5903390617742685,2.296145708962538,1.0,0.007174637,1.8134509070294789,0.576908406842755,0.047796329723225,0.4485651659365575,0.3198875394441159,"yogurt, fresh vegetables, eggs","fresh fruits, packaged vegetables fruits","yogurt, fresh vegetables, eggs → fresh fruits, packaged vegetables fruits"
"frozenset({'packaged vegetables fruits', 'fresh vegetables', 'eggs'})","frozenset({'fresh fruits', 'yogurt'})",0.04027,0.14829,0.01271,0.3156195679165632,2.128394146041966,1.0,0.0067383617,1.244497884615385,0.5524076676331806,0.0722775092408302,0.1964630777102103,0.2006650000888366,"packaged vegetables fruits, fresh vegetables, eggs","fresh fruits, yogurt","packaged vegetables fruits, fresh vegetables, eggs → fresh fruits, yogurt"
"frozenset({'yogurt', 'eggs'})","frozenset({'fresh fruits', 'packaged vegetables fruits', 'fresh vegetables'})",0.03232,0.17477,0.01271,0.3932549504950495,2.25012845737283,1.0,0.0070614336,1.3600935033146355,0.5741370374533238,0.0653873855334911,0.2647564321401905,0.2329895511186696,"yogurt, eggs","fresh fruits, packaged vegetables fruits, fresh vegetables","yogurt, eggs → fresh fruits, packaged vegetables fruits, fresh vegetables"
"frozenset({'fresh fruits', 'packaged vegetables fruits', 'fresh herbs', 'milk'})",frozenset({'fresh vegetables'}),0.01195,0.44933,0.01084,0.907112970711297,2.018812388915267,1.0,0.0054705065,5.928384234234232,0.5107628877260384,0.0240653583163129,0.8313199751417311,0.4656188893794172,"fresh fruits, packaged vegetables fruits, fresh herbs, milk",fresh vegetables,"fresh fruits, packaged vegetables fruits, fresh herbs, milk → fresh vegetables"
"frozenset({'fresh fruits', 'fresh herbs', 'fresh vegetables', 'milk'})",frozenset({'packaged vegetables fruits'}),0.01649,0.3423,0.01084,0.6573681018799272,1.9204443525560249,1.0,0.005195473,1.919552743362832,0.4873231356282816,0.0311539014226181,0.4790453122699213,0.344518114626788,"fresh fruits, fresh herbs, fresh vegetables, milk",packaged vegetables fruits,"fresh fruits, fresh herbs, fresh vegetables, milk → packaged vegetables fruits"
"frozenset({'packaged vegetables fruits', 'fresh herbs', 'fresh vegetables', 'milk'})",frozenset({'fresh fruits'}),0.01208,0.57912,0.01084,0.8973509933774835,1.5495078625802658,1.0,0.0038442304,4.100185806451615,0.3589701602741187,0.0186780618926183,0.7561086138031826,0.4580345241787265,"packaged vegetables fruits, fresh herbs, fresh vegetables, milk",fresh fruits,"packaged vegetables fruits, fresh herbs, fresh vegetables, milk → fresh fruits"
"frozenset({'fresh fruits', 'fresh herbs', 'milk'})","frozenset({'packaged vegetables fruits', 'fresh vegetables'})",0.0187,0.21588,0.01084,0.5796791443850268,2.6851915155874875,1.0,0.006803044,1.8655272264631049,0.6395466064107294,0.0484490926968803,0.4639585068420991,0.3149461128632564,"fresh fruits, fresh herbs, milk","packaged vegetables fruits, fresh vegetables","fresh fruits, fresh herbs, milk → packaged vegetables fruits, fresh vegetables"
"frozenset({'packaged vegetables fruits', 'fresh herbs', 'milk'})","frozenset({'fresh fruits', 'fresh vegetables'})",0.01341,0.32152,0.01084,0.8083519761372111,2.5141576764655733,1.0,0.0065284168,3.540240000000001,0.6104384519655818,0.0334474991514702,0.7175332745802546,0.4210334152893072,"packaged vegetables fruits, fresh herbs, milk","fresh fruits, fresh vegetables","packaged vegetables fruits, fresh herbs, milk → fresh fruits, fresh vegetables"
"frozenset({'fresh herbs', 'fresh vegetables', 'milk'})","frozenset({'fresh fruits', 'packaged vegetables fruits'})",0.01941,0.2571,0.01084,0.5584750128799588,2.172209307195484,1.0,0.005849689,1.6825774795799302,0.550320936010021,0.040802499341288,0.4056737284694559,0.3003187977663116,"fresh herbs, fresh vegetables, milk","fresh fruits, packaged vegetables fruits","fresh herbs, fresh vegetables, milk → fresh fruits, packaged vegetables fruits"
"frozenset({'fresh herbs', 'milk'})","frozenset({'fresh fruits', 'packaged vegetables fruits', 'fresh vegetables'})",0.02259,0.17477,0.01084,0.4798583444001771,2.74565625908438,1.0,0.0068919457,1.5865485702127662,0.6504827541241517,0.0581170920008578,0.3697009856648172,0.2709413596464466,"fresh herbs, milk","fresh fruits, packaged vegetables fruits, fresh vegetables","fresh herbs, milk → fresh fruits, packaged vegetables fruits, fresh vegetables"
"frozenset({'fresh fruits', 'packaged vegetables fruits', 'packaged cheese', 'fresh herbs'})",frozenset({'fresh vegetables'}),0.01213,0.44933,0.01121,0.9241549876339652,2.0567400076424125,1.0,0.0057596270999999,7.260464239130428,0.5201025188434912,0.0248972792892837,0.8622677604263267,0.4745516219633339,"fresh fruits, packaged vegetables fruits, packaged cheese, fresh herbs",fresh vegetables,"fresh fruits, packaged vegetables fruits, packaged cheese, fresh herbs → fresh vegetables"
"frozenset({'fresh fruits', 'packaged vegetables fruits', 'fresh vegetables', 'fresh herbs'})",frozenset({'packaged cheese'}),0.03614,0.16892,0.01121,0.3101826231322634,1.836269376818988,1.0,0.0051052312,1.204782639390293,0.4724935067709186,0.0578282176940933,0.1699747595084269,0.1882726992052508,"fresh fruits, packaged vegetables fruits, fresh vegetables, fresh herbs",packaged cheese,"fresh fruits, packaged vegetables fruits, fresh vegetables, fresh herbs → packaged cheese"
"frozenset({'fresh fruits', 'packaged cheese', 'fresh vegetables', 'fresh herbs'})",frozenset({'packaged vegetables fruits'}),0.0163,0.3423,0.01121,0.6877300613496933,2.0091442049362938,1.0,0.00563051,2.106190569744597,0.5105984006749807,0.0322692075189268,0.5252091551614616,0.3602395559450774,"fresh fruits, packaged cheese, fresh vegetables, fresh herbs",packaged vegetables fruits,"fresh fruits, packaged cheese, fresh vegetables, fresh herbs → packaged vegetables fruits"
"frozenset({'packaged vegetables fruits', 'packaged cheese', 'fresh vegetables', 'fresh herbs'})",frozenset({'fresh fruits'}),0.0124,0.57912,0.01121,0.904032258064516,1.5610447887562442,1.0,0.004028912,4.385640336134455,0.3639159475805067,0.0193172614637004,0.7719831259848796,0.4616946067225468,"packaged vegetables fruits, packaged cheese, fresh vegetables, fresh herbs",fresh fruits,"packaged vegetables fruits, packaged cheese, fresh vegetables, fresh herbs → fresh fruits"
"frozenset({'fresh fruits', 'packaged cheese', 'fresh herbs'})","frozenset({'packaged vegetables fruits', 'fresh vegetables'})",0.01786,0.21588,0.01121,0.6276595744680851,2.907446611395614,1.0,0.0073543832,2.1059222857142856,0.6679858199649124,0.0503752303060261,0.525148669168093,0.3397932854738054,"fresh fruits, packaged cheese, fresh herbs","packaged vegetables fruits, fresh vegetables","fresh fruits, packaged cheese, fresh herbs → packaged vegetables fruits, fresh vegetables"
"frozenset({'packaged vegetables fruits', 'packaged cheese', 'fresh herbs'})","frozenset({'fresh fruits', 'fresh vegetables'})",0.01365,0.32152,0.01121,0.8212454212454212,2.5542592101437585,1.0,0.006821252,3.795595081967212,0.6169179867185296,0.0346030374120261,0.7365367015172463,0.4280555297319418,"packaged vegetables fruits, packaged cheese, fresh herbs","fresh fruits, fresh vegetables","packaged vegetables fruits, packaged cheese, fresh herbs → fresh fruits, fresh vegetables"
"frozenset({'packaged cheese', 'fresh vegetables', 'fresh herbs'})","frozenset({'fresh fruits', 'packaged vegetables fruits'})",0.01911,0.2571,0.01121,0.586603872318158,2.281617550829086,1.0,0.006296819,1.7970656962025315,0.5726579447060262,0.0423018867924528,0.4435373163523462,0.3151027918572509,"packaged cheese, fresh vegetables, fresh herbs","fresh fruits, packaged vegetables fruits","packaged cheese, fresh vegetables, fresh herbs → fresh fruits, packaged vegetables fruits"
"frozenset({'packaged cheese', 'fresh herbs'})","frozenset({'fresh fruits', 'packaged vegetables fruits', 'fresh vegetables'})",0.02158,0.17477,0.01121,0.5194624652455978,2.972263347517296,1.0,0.0074384633999999,1.717306017357763,0.678191428110507,0.0605487739008318,0.4176926011482832,0.2918019541425105,"packaged cheese, fresh herbs","fresh fruits, packaged vegetables fruits, fresh vegetables","packaged cheese, fresh herbs → fresh fruits, packaged vegetables fruits, fresh vegetables"
"frozenset({'fresh fruits', 'yogurt', 'packaged vegetables fruits', 'fresh herbs'})",frozenset({'fresh vegetables'}),0.01223,0.44933,0.01109,0.9067865903515944,2.0180860177410684,1.0,0.0055946940999999,5.907626403508767,0.510727176232775,0.0246187315470508,0.8307272783184019,0.4657338911742838,"fresh fruits, yogurt, packaged vegetables fruits, fresh herbs",fresh vegetables,"fresh fruits, yogurt, packaged vegetables fruits, fresh herbs → fresh vegetables"
"frozenset({'fresh fruits', 'yogurt', 'fresh vegetables', 'fresh herbs'})",frozenset({'packaged vegetables fruits'}),0.01665,0.3423,0.01109,0.666066066066066,1.9458547065909024,1.0,0.0053907049999999,1.9695512589928053,0.4943174000397878,0.0318806416374403,0.4922701323796047,0.3492322734654022,"fresh fruits, yogurt, fresh vegetables, fresh herbs",packaged vegetables fruits,"fresh fruits, yogurt, fresh vegetables, fresh herbs → packaged vegetables fruits"
"frozenset({'fresh fruits', 'packaged vegetables fruits', 'fresh vegetables', 'fresh herbs'})",frozenset({'yogurt'}),0.03614,0.20368,0.01109,0.3068622025456557,1.5065897611236043,1.0,0.0037290047999999,1.1488624670658685,0.3488569975730847,0.0484851134525422,0.1295737926281592,0.1806551782563314,"fresh fruits, packaged vegetables fruits, fresh vegetables, fresh herbs",yogurt,"fresh fruits, packaged vegetables fruits, fresh vegetables, fresh herbs → yogurt"
"frozenset({'yogurt', 'packaged vegetables fruits', 'fresh vegetables', 'fresh herbs'})",frozenset({'fresh fruits'}),0.01211,0.57912,0.01109,0.9157720891824938,1.5813166341733904,1.0,0.0040768568,4.9969184313725465,0.3721219787679292,0.0191160754300686,0.7998766612395309,0.4674609168111667,"yogurt, packaged vegetables fruits, fresh vegetables, fresh herbs",fresh fruits,"yogurt, packaged vegetables fruits, fresh vegetables, fresh herbs → fresh fruits"
"frozenset({'fresh fruits', 'yogurt', 'fresh herbs'})","frozenset({'packaged vegetables fruits', 'fresh vegetables'})",0.01868,0.21588,0.01109,0.5936830835117773,2.750060605483497,1.0,0.0070573616,1.9298236627140977,0.6484853565964793,0.0496263480556674,0.4818179405088218,0.3225271078111045,"fresh fruits, yogurt, fresh herbs","packaged vegetables fruits, fresh vegetables","fresh fruits, yogurt, fresh herbs → packaged vegetables fruits, fresh vegetables"
"frozenset({'yogurt', 'packaged vegetables fruits', 'fresh herbs'})","frozenset({'fresh fruits', 'fresh vegetables'})",0.01348,0.32152,0.01109,0.822700296735905,2.558784202338595,1.0,0.0067559104,3.826740753138073,0.6175134775292128,0.0342379055910592,0.7386810174742143,0.4285963538917146,"yogurt, packaged vegetables fruits, fresh herbs","fresh fruits, fresh vegetables","yogurt, packaged vegetables fruits, fresh herbs → fresh fruits, fresh vegetables"
"frozenset({'yogurt', 'fresh vegetables', 'fresh herbs'})","frozenset({'fresh fruits', 'packaged vegetables fruits'})",0.01908,0.2571,0.01109,0.5812368972746331,2.26074250204058,1.0,0.0061845319999999,1.7740340425531915,0.5685147087953022,0.0418348485420046,0.4363129590451381,0.3121859321067837,"yogurt, fresh vegetables, fresh herbs","fresh fruits, packaged vegetables fruits","yogurt, fresh vegetables, fresh herbs → fresh fruits, packaged vegetables fruits"
"frozenset({'yogurt', 'fresh herbs'})","frozenset({'fresh fruits', 'packaged vegetables fruits', 'fresh vegetables'})",0.02183,0.17477,0.01109,0.5080164910673385,2.9067717060556078,1.0,0.0072747709,1.6773529702048415,0.6706152661564995,0.0597811438736456,0.4038225598528149,0.2857356587052662,"yogurt, fresh herbs","fresh fruits, packaged vegetables fruits, fresh vegetables","yogurt, fresh herbs → fresh fruits, packaged vegetables fruits, fresh vegetables"
"frozenset({'fresh fruits', 'packaged vegetables fruits', 'frozen produce', 'milk'})",frozenset({'fresh vegetables'}),0.01385,0.44933,0.01094,0.7898916967509025,1.757932247459334,1.0,0.0047167795,2.6208864261168388,0.4372051542751942,0.0241906952060852,0.6184497008206413,0.4071195291891071,"fresh fruits, packaged vegetables fruits, frozen produce, milk",fresh vegetables,"fresh fruits, packaged vegetables fruits, frozen produce, milk → fresh vegetables"
"frozenset({'fresh fruits', 'packaged vegetables fruits', 'frozen produce', 'fresh vegetables'})",frozenset({'milk'}),0.03329,0.23003,0.01094,0.328627215379994,1.4286276371777331,1.0,0.0032823012999999,1.1468591185682329,0.3103594057509027,0.0433473333861637,0.1280533207527488,0.1880931147108203,"fresh fruits, packaged vegetables fruits, frozen produce, fresh vegetables",milk,"fresh fruits, packaged vegetables fruits, frozen produce, fresh vegetables → milk"
"frozenset({'fresh fruits', 'frozen produce', 'fresh vegetables', 'milk'})",frozenset({'packaged vegetables fruits'}),0.01578,0.3423,0.01094,0.6932826362484158,2.025365574783569,1.0,0.005538506,2.144319421487604,0.5143788730221395,0.0315146626721207,0.5336515679617088,0.3626214525092502,"fresh fruits, frozen produce, fresh vegetables, milk",packaged vegetables fruits,"fresh fruits, frozen produce, fresh vegetables, milk → packaged vegetables fruits"
"frozenset({'frozen produce', 'packaged vegetables fruits', 'fresh vegetables', 'milk'})",frozenset({'fresh fruits'}),0.0119,0.57912,0.01094,0.9193277310924368,1.5874563667157704,1.0,0.004048472,5.217158333333331,0.3745181924499349,0.0188594676596331,0.8083247745020836,0.4691092309281773,"frozen produce, packaged vegetables fruits, fresh vegetables, milk",fresh fruits,"frozen produce, packaged vegetables fruits, fresh vegetables, milk → fresh fruits"
"frozenset({'fresh fruits', 'frozen produce', 'milk'})","frozenset({'packaged vegetables fruits', 'fresh vegetables'})",0.02192,0.21588,0.01094,0.4990875912408759,2.311875075231036,1.0,0.0062079104,1.565383460837887,0.5801679580574381,0.0482235740104029,0.3611788900179512,0.2748819464449701,"fresh fruits, frozen produce, milk","packaged vegetables fruits, fresh vegetables","fresh fruits, frozen produce, milk → packaged vegetables fruits, fresh vegetables"
"frozenset({'frozen produce', 'packaged vegetables fruits', 'milk'})","frozenset({'fresh fruits', 'fresh vegetables'})",0.01554,0.32152,0.01094,0.703989703989704,2.189567379913237,1.0,0.0059435792,2.2920824347826083,0.5518647534050256,0.0335459340120201,0.56371551702291,0.3690077905367778,"frozen produce, packaged vegetables fruits, milk","fresh fruits, fresh vegetables","frozen produce, packaged vegetables fruits, milk → fresh fruits, fresh vegetables"
"frozenset({'frozen produce', 'fresh vegetables', 'milk'})","frozenset({'fresh fruits', 'packaged vegetables fruits'})",0.01788,0.2571,0.01094,0.6118568232662193,2.3798398415644466,1.0,0.006343052,1.913984438040346,0.5903592802377813,0.0414331161945159,0.4775297122980472,0.3272041798166958,"frozen produce, fresh vegetables, milk","fresh fruits, packaged vegetables fruits","frozen produce, fresh vegetables, milk → fresh fruits, packaged vegetables fruits"
"frozenset({'frozen produce', 'milk'})","frozenset({'fresh fruits', 'packaged vegetables fruits', 'fresh vegetables'})",0.0263,0.17477,0.01094,0.4159695817490494,2.3800971662702373,1.0,0.0063435489999999,1.4129914713541667,0.595511025904506,0.0575395781833482,0.2922816448130211,0.2392830686109783,"frozen produce, milk","fresh fruits, packaged vegetables fruits, fresh vegetables","frozen produce, milk → fresh fruits, packaged vegetables fruits, fresh vegetables"
"frozenset({'fresh fruits', 'packaged vegetables fruits', 'packaged cheese', 'frozen produce'})",frozenset({'fresh vegetables'}),0.01356,0.44933,0.0113,0.8333333333333334,1.854613164786089,1.0,0.0052070851999999,3.304020000000001,0.4671383966586918,0.0250226975796629,0.6973383938353884,0.4292409439239164,"fresh fruits, packaged vegetables fruits, packaged cheese, frozen produce",fresh vegetables,"fresh fruits, packaged vegetables fruits, packaged cheese, frozen produce → fresh vegetables"
"frozenset({'fresh fruits', 'packaged vegetables fruits', 'frozen produce', 'fresh vegetables'})",frozenset({'packaged cheese'}),0.03329,0.16892,0.0113,0.3394412736557524,2.0094794793733866,1.0,0.0056766531999999,1.2581470304683946,0.5196581087042512,0.0591901943324079,0.2051803360154888,0.2031684227620462,"fresh fruits, packaged vegetables fruits, frozen produce, fresh vegetables",packaged cheese,"fresh fruits, packaged vegetables fruits, frozen produce, fresh vegetables → packaged cheese"
"frozenset({'fresh fruits', 'frozen produce', 'packaged cheese', 'fresh vegetables'})",frozenset({'packaged vegetables fruits'}),0.01572,0.3423,0.0113,0.71882951653944,2.099998587611569,1.0,0.0059190439999999,2.3391502262443424,0.5321749944526182,0.0325911398246423,0.572494323459693,0.3759207471683469,"fresh fruits, frozen produce, packaged cheese, fresh vegetables",packaged vegetables fruits,"fresh fruits, frozen produce, packaged cheese, fresh vegetables → packaged vegetables fruits"
"frozenset({'frozen produce', 'packaged vegetables fruits', 'packaged cheese', 'fresh vegetables'})",frozenset({'fresh fruits'}),0.01248,0.57912,0.0113,0.905448717948718,1.5634906719655994,1.0,0.0040725824,4.451341016949153,0.3649602257411433,0.019472686541444,0.7753485980534071,0.4624805407674243,"frozen produce, packaged vegetables fruits, packaged cheese, fresh vegetables",fresh fruits,"frozen produce, packaged vegetables fruits, packaged cheese, fresh vegetables → fresh fruits"
"frozenset({'fresh fruits', 'frozen produce', 'packaged cheese'})","frozenset({'packaged vegetables fruits', 'fresh vegetables'})",0.02021,0.21588,0.0113,0.5591291439881247,2.5899997405416197,1.0,0.0069370652,1.7785707295173965,0.6265624013525745,0.0502691400863027,0.437750783028267,0.3057365193722354,"fresh fruits, frozen produce, packaged cheese","packaged vegetables fruits, fresh vegetables","fresh fruits, frozen produce, packaged cheese → packaged vegetables fruits, fresh vegetables"
"frozenset({'frozen produce', 'packaged vegetables fruits', 'packaged cheese'})","frozenset({'fresh fruits', 'fresh vegetables'})",0.01538,0.32152,0.0113,0.7347204161248374,2.2851468528391314,1.0,0.0063550224,2.557603529411764,0.5711760504883696,0.0347051597051597,0.6090089849735253,0.3849329873607516,"frozen produce, packaged vegetables fruits, packaged cheese","fresh fruits, fresh vegetables","frozen produce, packaged vegetables fruits, packaged cheese → fresh fruits, fresh vegetables"
"frozenset({'frozen produce', 'packaged cheese', 'fresh vegetables'})","frozenset({'fresh fruits', 'packaged vegetables fruits'})",0.01807,0.2571,0.0113,0.6253458771444382,2.4323060176757614,1.0,0.0066542029999999,1.9828955686853764,0.5997041765949649,0.0428241179368628,0.4956870065209829,0.3346488234419196,"frozen produce, packaged cheese, fresh vegetables","fresh fruits, packaged vegetables fruits","frozen produce, packaged cheese, fresh vegetables → fresh fruits, packaged vegetables fruits"
"frozenset({'frozen produce', 'packaged cheese'})","frozenset({'fresh fruits', 'packaged vegetables fruits', 'fresh vegetables'})",0.02423,0.17477,0.0113,0.4663640115559223,2.668444307123204,1.0,0.0070653228999999,1.5464286852281517,0.6407758120861391,0.0602024507192328,0.3533487773783337,0.2655102085587588,"frozen produce, packaged cheese","fresh fruits, packaged vegetables fruits, fresh vegetables","frozen produce, packaged cheese → fresh fruits, packaged vegetables fruits, fresh vegetables"
"frozenset({'fresh fruits', 'packaged vegetables fruits', 'soy lactosefree', 'frozen produce'})",frozenset({'fresh vegetables'}),0.01324,0.44933,0.01071,0.8089123867069486,1.800263473854291,1.0,0.0047608708,2.881767114624506,0.4504902424439448,0.0237020316027088,0.6529906962553773,0.4163739375503897,"fresh fruits, packaged vegetables fruits, soy lactosefree, frozen produce",fresh vegetables,"fresh fruits, packaged vegetables fruits, soy lactosefree, frozen produce → fresh vegetables"
"frozenset({'fresh fruits', 'packaged vegetables fruits', 'frozen produce', 'fresh vegetables'})",frozenset({'soy lactosefree'}),0.03329,0.14592,0.01071,0.3217182337038149,2.2047576322903986,1.0,0.0058523232,1.2591817183348095,0.5652526674622845,0.0635608308605341,0.2058334508521625,0.1975573076413811,"fresh fruits, packaged vegetables fruits, frozen produce, fresh vegetables",soy lactosefree,"fresh fruits, packaged vegetables fruits, frozen produce, fresh vegetables → soy lactosefree"
"frozenset({'fresh fruits', 'frozen produce', 'soy lactosefree', 'fresh vegetables'})",frozenset({'packaged vegetables fruits'}),0.01484,0.3423,0.01071,0.7216981132075472,2.10837894597589,1.0,0.005630268,2.3632610169491524,0.5336208948640969,0.0309153364316023,0.576855881416371,0.3764932283829147,"fresh fruits, frozen produce, soy lactosefree, fresh vegetables",packaged vegetables fruits,"fresh fruits, frozen produce, soy lactosefree, fresh vegetables → packaged vegetables fruits"
"frozenset({'frozen produce', 'packaged vegetables fruits', 'soy lactosefree', 'fresh vegetables'})",frozenset({'fresh fruits'}),0.01188,0.57912,0.01071,0.9015151515151516,1.5566983552893212,1.0,0.0038300544,4.2735507692307735,0.3619143321822921,0.0184562890968308,0.7660025458923009,0.4600043639879944,"frozen produce, packaged vegetables fruits, soy lactosefree, fresh vegetables",fresh fruits,"frozen produce, packaged vegetables fruits, soy lactosefree, fresh vegetables → fresh fruits"
"frozenset({'fresh fruits', 'frozen produce', 'soy lactosefree'})","frozenset({'packaged vegetables fruits', 'fresh vegetables'})",0.01981,0.21588,0.01071,0.5406360424028268,2.5043359384974377,1.0,0.0064334172,1.706968923076923,0.6128327661163732,0.0476042314872433,0.4141662531281269,0.2951234686722305,"fresh fruits, frozen produce, soy lactosefree","packaged vegetables fruits, fresh vegetables","fresh fruits, frozen produce, soy lactosefree → packaged vegetables fruits, fresh vegetables"
"frozenset({'frozen produce', 'packaged vegetables fruits', 'soy lactosefree'})","frozenset({'fresh fruits', 'fresh vegetables'})",0.0151,0.32152,0.01071,0.7092715231788079,2.205995033524533,1.0,0.005855048,2.333723917995444,0.5550714007469845,0.0328618330213862,0.5715002994617497,0.3712910240925142,"frozen produce, packaged vegetables fruits, soy lactosefree","fresh fruits, fresh vegetables","frozen produce, packaged vegetables fruits, soy lactosefree → fresh fruits, fresh vegetables"
"frozenset({'frozen produce', 'soy lactosefree', 'fresh vegetables'})","frozenset({'fresh fruits', 'packaged vegetables fruits'})",0.01726,0.2571,0.01071,0.6205098493626883,2.413496107984008,1.0,0.006272454,1.957626564885496,0.5959493918250289,0.0406220367912004,0.4891773446798872,0.3310833960932461,"frozen produce, soy lactosefree, fresh vegetables","fresh fruits, packaged vegetables fruits","frozen produce, soy lactosefree, fresh vegetables → fresh fruits, packaged vegetables fruits"
"frozenset({'frozen produce', 'soy lactosefree'})","frozenset({'fresh fruits', 'packaged vegetables fruits', 'fresh vegetables'})",0.02421,0.17477,0.01071,0.4423791821561338,2.5312077711056467,1.0,0.0064788183,1.4799124666666668,0.6199404386930271,0.0568863865724756,0.324284359701094,0.2518298611473007,"frozen produce, soy lactosefree","fresh fruits, packaged vegetables fruits, fresh vegetables","frozen produce, soy lactosefree → fresh fruits, packaged vegetables fruits, fresh vegetables"
"frozenset({'fresh fruits', 'yogurt', 'packaged vegetables fruits', 'frozen produce'})",frozenset({'fresh vegetables'}),0.01529,0.44933,0.01217,0.7959450621321125,1.7714042288120366,1.0,0.0052997443,2.6986359935897437,0.4422379313641486,0.0268979997789811,0.6294424285545108,0.4115149163953243,"fresh fruits, yogurt, packaged vegetables fruits, frozen produce",fresh vegetables,"fresh fruits, yogurt, packaged vegetables fruits, frozen produce → fresh vegetables"
"frozenset({'fresh fruits', 'yogurt', 'frozen produce', 'fresh vegetables'})",frozenset({'packaged vegetables fruits'}),0.01754,0.3423,0.01217,0.693842645381984,2.027001593286544,1.0,0.006166058,2.1482417132216014,0.5157059591044505,0.0350044582506399,0.5345030338786438,0.364698126664115,"fresh fruits, yogurt, frozen produce, fresh vegetables",packaged vegetables fruits,"fresh fruits, yogurt, frozen produce, fresh vegetables → packaged vegetables fruits"
"frozenset({'fresh fruits', 'packaged vegetables fruits', 'frozen produce', 'fresh vegetables'})",frozenset({'yogurt'}),0.03329,0.20368,0.01217,0.3655752478221688,1.794850981059352,1.0,0.0053894928,1.255184318181818,0.4581008596217378,0.0541370106761565,0.2033042593708167,0.2126629184908173,"fresh fruits, packaged vegetables fruits, frozen produce, fresh vegetables",yogurt,"fresh fruits, packaged vegetables fruits, frozen produce, fresh vegetables → yogurt"
"frozenset({'yogurt', 'packaged vegetables fruits', 'frozen produce', 'fresh vegetables'})",frozenset({'fresh fruits'}),0.01327,0.57912,0.01217,0.9171062547098718,1.5836204149569553,1.0,0.0044850776,5.07734327272727,0.3734917823777901,0.0209748026610596,0.8030466040436035,0.4690604488081753,"yogurt, packaged vegetables fruits, frozen produce, fresh vegetables",fresh fruits,"yogurt, packaged vegetables fruits, frozen produce, fresh vegetables → fresh fruits"
"frozenset({'fresh fruits', 'yogurt', 'frozen produce'})","frozenset({'packaged vegetables fruits', 'fresh vegetables'})",0.024,0.21588,0.01217,0.5070833333333333,2.348912976344883,1.0,0.00698888,1.5907759932375318,0.5883925805191481,0.0534451714900531,0.3713759798670272,0.2817286223828052,"fresh fruits, yogurt, frozen produce","packaged vegetables fruits, fresh vegetables","fresh fruits, yogurt, frozen produce → packaged vegetables fruits, fresh vegetables"
"frozenset({'yogurt', 'packaged vegetables fruits', 'frozen produce'})","frozenset({'fresh fruits', 'fresh vegetables'})",0.01703,0.32152,0.01217,0.7146212566059894,2.222633915793697,1.0,0.0066945144,2.377472098765432,0.5596135716310393,0.037287824008824,0.5793851795277524,0.376236356095978,"yogurt, packaged vegetables fruits, frozen produce","fresh fruits, fresh vegetables","yogurt, packaged vegetables fruits, frozen produce → fresh fruits, fresh vegetables"
"frozenset({'yogurt', 'frozen produce', 'fresh vegetables'})","frozenset({'fresh fruits', 'packaged vegetables fruits'})",0.01969,0.2571,0.01217,0.6180802437785679,2.4040460668166777,1.0,0.007107701,1.9451730053191487,0.5957652102519816,0.0459904769102864,0.4859069104570842,0.3327079554170941,"yogurt, frozen produce, fresh vegetables","fresh fruits, packaged vegetables fruits","yogurt, frozen produce, fresh vegetables → fresh fruits, packaged vegetables fruits"
"frozenset({'frozen produce', 'packaged vegetables fruits', 'fresh vegetables'})","frozenset({'fresh fruits', 'yogurt'})",0.03825,0.14829,0.01217,0.3181699346405229,2.145592653857461,1.0,0.0064979075,1.2491528949386503,0.5551633036787782,0.0697941159603142,0.1994574851070469,0.2001194268252853,"frozen produce, packaged vegetables fruits, fresh vegetables","fresh fruits, yogurt","frozen produce, packaged vegetables fruits, fresh vegetables → fresh fruits, yogurt"
"frozenset({'yogurt', 'frozen produce'})","frozenset({'fresh fruits', 'packaged vegetables fruits', 'fresh vegetables'})",0.02816,0.17477,0.01217,0.4321732954545454,2.472811669362851,1.0,0.0072484768,1.4533131207004375,0.6128601804801856,0.0637974418117005,0.3119170358015892,0.2509038360319017,"yogurt, frozen produce","fresh fruits, packaged vegetables fruits, fresh vegetables","yogurt, frozen produce → fresh fruits, packaged vegetables fruits, fresh vegetables"
"frozenset({'fresh fruits', 'packaged vegetables fruits', 'packaged cheese', 'lunch meat'})",frozenset({'fresh vegetables'}),0.01308,0.44933,0.01048,0.8012232415902141,1.7831510061429552,1.0,0.0046027635999999,2.770293692307692,0.4450158067523203,0.0231894319916801,0.6390274421889953,0.4122734283752819,"fresh fruits, packaged vegetables fruits, packaged cheese, lunch meat",fresh vegetables,"fresh fruits, packaged vegetables fruits, packaged cheese, lunch meat → fresh vegetables"
"frozenset({'fresh fruits', 'packaged vegetables fruits', 'fresh vegetables', 'lunch meat'})",frozenset({'packaged cheese'}),0.02398,0.16892,0.01048,0.4370308590492076,2.587206127452094,1.0,0.0064292984,1.4762443259259257,0.6285554309908866,0.0574498410262032,0.3226053557409727,0.2495360309927544,"fresh fruits, packaged vegetables fruits, fresh vegetables, lunch meat",packaged cheese,"fresh fruits, packaged vegetables fruits, fresh vegetables, lunch meat → packaged cheese"
"frozenset({'fresh fruits', 'packaged cheese', 'fresh vegetables', 'lunch meat'})",frozenset({'packaged vegetables fruits'}),0.01497,0.3423,0.01048,0.700066800267201,2.045184926284549,1.0,0.005355769,2.1928216035634738,0.5188132953365314,0.0302200178782548,0.5439665505050951,0.3653416093068403,"fresh fruits, packaged cheese, fresh vegetables, lunch meat",packaged vegetables fruits,"fresh fruits, packaged cheese, fresh vegetables, lunch meat → packaged vegetables fruits"
"frozenset({'packaged vegetables fruits', 'packaged cheese', 'fresh vegetables', 'lunch meat'})",frozenset({'fresh fruits'}),0.01163,0.57912,0.01048,0.9011177987962168,1.5560122233668614,1.0,0.0037448344,4.256377739130435,0.3615361926379364,0.0180605580160959,0.7650584461039173,0.4596071104769866,"packaged vegetables fruits, packaged cheese, fresh vegetables, lunch meat",fresh fruits,"packaged vegetables fruits, packaged cheese, fresh vegetables, lunch meat → fresh fruits"
"frozenset({'fresh fruits', 'packaged vegetables fruits', 'lunch meat'})","frozenset({'packaged cheese', 'fresh vegetables'})",0.03204,0.10096,0.01048,0.3270911360799001,3.2398091925505166,1.0,0.0072452416,1.3360501669758813,0.7142235705279601,0.0855370551746653,0.2515251113186289,0.2154473113046093,"fresh fruits, packaged vegetables fruits, lunch meat","packaged cheese, fresh vegetables","fresh fruits, packaged vegetables fruits, lunch meat → packaged cheese, fresh vegetables"
"frozenset({'fresh fruits', 'packaged cheese', 'lunch meat'})","frozenset({'packaged vegetables fruits', 'fresh vegetables'})",0.02023,0.21588,0.01048,0.5180425111220959,2.39967811340604,1.0,0.0061127475999999,1.626948471794872,0.5953207821714194,0.0464477241501573,0.3853523837194509,0.28329399967815,"fresh fruits, packaged cheese, lunch meat","packaged vegetables fruits, fresh vegetables","fresh fruits, packaged cheese, lunch meat → packaged vegetables fruits, fresh vegetables"
"frozenset({'packaged vegetables fruits', 'packaged cheese', 'lunch meat'})","frozenset({'fresh fruits', 'fresh vegetables'})",0.01502,0.32152,0.01048,0.6977363515312915,2.170118037855473,1.0,0.0056507696,2.244662907488986,0.5474177876901907,0.0321413236827577,0.5544988084118789,0.3651657622299403,"packaged vegetables fruits, packaged cheese, lunch meat","fresh fruits, fresh vegetables","packaged vegetables fruits, packaged cheese, lunch meat → fresh fruits, fresh vegetables"
"frozenset({'packaged vegetables fruits', 'fresh vegetables', 'lunch meat'})","frozenset({'fresh fruits', 'packaged cheese'})",0.02705,0.1199,0.01048,0.3874306839186691,3.2312817674617937,1.0,0.0072367049999999,1.4367353651176824,0.7097233015669274,0.0767934344544588,0.3039775979078162,0.2374184278642553,"packaged vegetables fruits, fresh vegetables, lunch meat","fresh fruits, packaged cheese","packaged vegetables fruits, fresh vegetables, lunch meat → fresh fruits, packaged cheese"
"frozenset({'packaged cheese', 'fresh vegetables', 'lunch meat'})","frozenset({'fresh fruits', 'packaged vegetables fruits'})",0.01732,0.2571,0.01048,0.605080831408776,2.3534843695401637,1.0,0.006027028,1.8811444444444445,0.5852343505546602,0.0397059937864666,0.4684087110092556,0.3229215903446058,"packaged cheese, fresh vegetables, lunch meat","fresh fruits, packaged vegetables fruits","packaged cheese, fresh vegetables, lunch meat → fresh fruits, packaged vegetables fruits"
"frozenset({'packaged cheese', 'lunch meat'})","frozenset({'fresh fruits', 'packaged vegetables fruits', 'fresh vegetables'})",0.02522,0.17477,0.01048,0.415543219666931,2.3776576052350578,1.0,0.0060723005999999,1.4119606919945729,0.5944089909345761,0.0553005118463405,0.2917649863273645,0.2377538722354795,"packaged cheese, lunch meat","fresh fruits, packaged vegetables fruits, fresh vegetables","packaged cheese, lunch meat → fresh fruits, packaged vegetables fruits, fresh vegetables"
"frozenset({'fresh fruits', 'yogurt', 'packaged vegetables fruits', 'lunch meat'})",frozenset({'fresh vegetables'}),0.01295,0.44933,0.01019,0.7868725868725869,1.751213110347822,1.0,0.0043711765,2.5837596014492754,0.4345952807204625,0.0225397597823442,0.6129670889508905,0.4047753983257955,"fresh fruits, yogurt, packaged vegetables fruits, lunch meat",fresh vegetables,"fresh fruits, yogurt, packaged vegetables fruits, lunch meat → fresh vegetables"
"frozenset({'fresh fruits', 'yogurt', 'fresh vegetables', 'lunch meat'})",frozenset({'packaged vegetables fruits'}),0.01443,0.3423,0.01019,0.7061677061677061,2.0630081979775228,1.0,0.005250611,2.2383516509433954,0.5228151748872641,0.029404974894673,0.5532426732061824,0.3679684572322608,"fresh fruits, yogurt, fresh vegetables, lunch meat",packaged vegetables fruits,"fresh fruits, yogurt, fresh vegetables, lunch meat → packaged vegetables fruits"
"frozenset({'fresh fruits', 'packaged vegetables fruits', 'fresh vegetables', 'lunch meat'})",frozenset({'yogurt'}),0.02398,0.20368,0.01019,0.4249374478732276,2.086299331663529,1.0,0.0053057535999999,1.3847537055837562,0.5334751280756707,0.0468570377523336,0.2778499194711016,0.2374834529232595,"fresh fruits, packaged vegetables fruits, fresh vegetables, lunch meat",yogurt,"fresh fruits, packaged vegetables fruits, fresh vegetables, lunch meat → yogurt"
"frozenset({'yogurt', 'packaged vegetables fruits', 'fresh vegetables', 'lunch meat'})",frozenset({'fresh fruits'}),0.01094,0.57912,0.01019,0.9314442413162703,1.6083786457319218,1.0,0.0038544271999999,6.139236266666658,0.3824397495450076,0.017572904271647,0.8371132895748681,0.4745199518502888,"yogurt, packaged vegetables fruits, fresh vegetables, lunch meat",fresh fruits,"yogurt, packaged vegetables fruits, fresh vegetables, lunch meat → fresh fruits"
"frozenset({'fresh fruits', 'yogurt', 'lunch meat'})","frozenset({'packaged vegetables fruits', 'fresh vegetables'})",0.01992,0.21588,0.01019,0.5115461847389557,2.369585810352769,1.0,0.0058896704,1.6053104213771838,0.5897327962412634,0.0451664376579052,0.3770675212199099,0.2793741670405915,"fresh fruits, yogurt, lunch meat","packaged vegetables fruits, fresh vegetables","fresh fruits, yogurt, lunch meat → packaged vegetables fruits, fresh vegetables"
"frozenset({'fresh fruits', 'packaged vegetables fruits', 'lunch meat'})","frozenset({'yogurt', 'fresh vegetables'})",0.03204,0.10979,0.01019,0.3180399500624219,2.896802532675307,1.0,0.0066723284,1.3053697208237989,0.6764657587899419,0.0774080826496505,0.233933510140778,0.2054267516046694,"fresh fruits, packaged vegetables fruits, lunch meat","yogurt, fresh vegetables","fresh fruits, packaged vegetables fruits, lunch meat → yogurt, fresh vegetables"
"frozenset({'yogurt', 'packaged vegetables fruits', 'lunch meat'})","frozenset({'fresh fruits', 'fresh vegetables'})",0.01427,0.32152,0.01019,0.7140854940434478,2.220967572914431,1.0,0.0056019096,2.373017058823529,0.5577042293429098,0.0312960687960688,0.5785955283036314,0.3728893506544684,"yogurt, packaged vegetables fruits, lunch meat","fresh fruits, fresh vegetables","yogurt, packaged vegetables fruits, lunch meat → fresh fruits, fresh vegetables"
"frozenset({'yogurt', 'fresh vegetables', 'lunch meat'})","frozenset({'fresh fruits', 'packaged vegetables fruits'})",0.01597,0.2571,0.01019,0.6380713838447087,2.4818023486764247,1.0,0.0060841129999999,2.0526147058823523,0.6067569347444338,0.0387629336579427,0.5128165080693347,0.3388528836765356,"yogurt, fresh vegetables, lunch meat","fresh fruits, packaged vegetables fruits","yogurt, fresh vegetables, lunch meat → fresh fruits, packaged vegetables fruits"
"frozenset({'packaged vegetables fruits', 'fresh vegetables', 'lunch meat'})","frozenset({'fresh fruits', 'yogurt'})",0.02705,0.14829,0.01019,0.376709796672828,2.540358734053733,1.0,0.0061787554999999,1.3664742289442466,0.623212712509294,0.0617014834998486,0.2681896381078396,0.2227132502144907,"packaged vegetables fruits, fresh vegetables, lunch meat","fresh fruits, yogurt","packaged vegetables fruits, fresh vegetables, lunch meat → fresh fruits, yogurt"
"frozenset({'yogurt', 'lunch meat'})","frozenset({'fresh fruits', 'packaged vegetables fruits', 'fresh vegetables'})",0.02368,0.17477,0.01019,0.4303209459459459,2.462212885197379,1.0,0.0060514463999999,1.448587575982209,0.6082649907413036,0.054127270795708,0.3096723894501484,0.2443130735337099,"yogurt, lunch meat","fresh fruits, packaged vegetables fruits, fresh vegetables","yogurt, lunch meat → fresh fruits, packaged vegetables fruits, fresh vegetables"
"frozenset({'fresh fruits', 'packaged vegetables fruits', 'packaged cheese', 'milk'})",frozenset({'fresh vegetables'}),0.02779,0.44933,0.0215,0.7736595897804965,1.7218071123238967,1.0,0.0090131192999999,2.432928346581876,0.4311978391117049,0.0471884465124445,0.5889726874180481,0.4107543047159888,"fresh fruits, packaged vegetables fruits, packaged cheese, milk",fresh vegetables,"fresh fruits, packaged vegetables fruits, packaged cheese, milk → fresh vegetables"
"frozenset({'fresh fruits', 'packaged vegetables fruits', 'fresh vegetables', 'milk'})",frozenset({'packaged cheese'}),0.05498,0.16892,0.0215,0.3910512913786831,2.3150088289052992,1.0,0.0122127783999999,1.3647783273596177,0.6010837915082885,0.1062252964426877,0.2672802755194242,0.2591652383959482,"fresh fruits, packaged vegetables fruits, fresh vegetables, milk",packaged cheese,"fresh fruits, packaged vegetables fruits, fresh vegetables, milk → packaged cheese"
"frozenset({'fresh fruits', 'packaged vegetables fruits', 'packaged cheese', 'fresh vegetables'})",frozenset({'milk'}),0.05137,0.23003,0.0215,0.4185322172474206,1.8194679704708976,1.0,0.0096833588999999,1.3241834248409776,0.4747781390494835,0.082724124663332,0.244817612695846,0.2559991434452553,"fresh fruits, packaged vegetables fruits, packaged cheese, fresh vegetables",milk,"fresh fruits, packaged vegetables fruits, packaged cheese, fresh vegetables → milk"
"frozenset({'fresh fruits', 'packaged cheese', 'fresh vegetables', 'milk'})",frozenset({'packaged vegetables fruits'}),0.03227,0.3423,0.0215,0.6662534862101022,1.946402238416892,1.0,0.0104539789999999,1.9706572887650875,0.5024454976029975,0.0608944401959951,0.4925550953475782,0.3645319432219076,"fresh fruits, packaged cheese, fresh vegetables, milk",packaged vegetables fruits,"fresh fruits, packaged cheese, fresh vegetables, milk → packaged vegetables fruits"
"frozenset({'packaged vegetables fruits', 'packaged cheese', 'fresh vegetables', 'milk'})",frozenset({'fresh fruits'}),0.02358,0.57912,0.0215,0.9117896522476674,1.574439929975942,1.0,0.0078443503999999,4.7713223076923015,0.3736645162704002,0.0369924294562973,0.7904144940307627,0.4744574728982501,"packaged vegetables fruits, packaged cheese, fresh vegetables, milk",fresh fruits,"packaged vegetables fruits, packaged cheese, fresh vegetables, milk → fresh fruits"
"frozenset({'fresh fruits', 'packaged vegetables fruits', 'packaged cheese'})","frozenset({'fresh vegetables', 'milk'})",0.06753,0.11551,0.0215,0.3183770176217976,2.756272336782942,1.0,0.0136996096999999,1.2976234998913752,0.683336888947858,0.1330939705336139,0.2293604423134209,0.2522540442623748,"fresh fruits, packaged vegetables fruits, packaged cheese","fresh vegetables, milk","fresh fruits, packaged vegetables fruits, packaged cheese → fresh vegetables, milk"
"frozenset({'fresh fruits', 'packaged cheese', 'milk'})","frozenset({'packaged vegetables fruits', 'fresh vegetables'})",0.04602,0.21588,0.0215,0.4671881790525858,2.164110519976773,1.0,0.0115652023999999,1.4716640456769985,0.5638654800914845,0.0894342762063228,0.3204970910735421,0.2833902725909584,"fresh fruits, packaged cheese, milk","packaged vegetables fruits, fresh vegetables","fresh fruits, packaged cheese, milk → packaged vegetables fruits, fresh vegetables"
"frozenset({'packaged vegetables fruits', 'packaged cheese', 'milk'})","frozenset({'fresh fruits', 'fresh vegetables'})",0.03158,0.32152,0.0215,0.6808106396453452,2.1174752414946045,1.0,0.0113463984,2.1256347619047617,0.544948948250879,0.0648371531966224,0.5295522928389123,0.3738402538858724,"packaged vegetables fruits, packaged cheese, milk","fresh fruits, fresh vegetables","packaged vegetables fruits, packaged cheese, milk → fresh fruits, fresh vegetables"
"frozenset({'packaged vegetables fruits', 'fresh vegetables', 'milk'})","frozenset({'fresh fruits', 'packaged cheese'})",0.06257,0.1199,0.0215,0.3436151510308454,2.865847798422397,1.0,0.0139978569999999,1.3408292427562696,0.6945191814632237,0.1335652606075666,0.2541928769808492,0.2614656238890674,"packaged vegetables fruits, fresh vegetables, milk","fresh fruits, packaged cheese","packaged vegetables fruits, fresh vegetables, milk → fresh fruits, packaged cheese"
"frozenset({'packaged vegetables fruits', 'packaged cheese', 'fresh vegetables'})","frozenset({'fresh fruits', 'milk'})",0.05924,0.15639,0.0215,0.362930452397029,2.320675570030238,1.0,0.0122354563999999,1.3242039321674612,0.604926862694882,0.1107505279967032,0.2448293078520038,0.2502036365828101,"packaged vegetables fruits, packaged cheese, fresh vegetables","fresh fruits, milk","packaged vegetables fruits, packaged cheese, fresh vegetables → fresh fruits, milk"
"frozenset({'packaged cheese', 'fresh vegetables', 'milk'})","frozenset({'fresh fruits', 'packaged vegetables fruits'})",0.03736,0.2571,0.0215,0.5754817987152034,2.2383578324200832,1.0,0.0118947439999999,1.7499838587641867,0.5747152694431399,0.0787661195779601,0.4285661579152018,0.3295534236672088,"packaged cheese, fresh vegetables, milk","fresh fruits, packaged vegetables fruits","packaged cheese, fresh vegetables, milk → fresh fruits, packaged vegetables fruits"
"frozenset({'packaged cheese', 'milk'})","frozenset({'fresh fruits', 'packaged vegetables fruits', 'fresh vegetables'})",0.05748,0.17477,0.0215,0.3740431454418927,2.140202239754493,1.0,0.0114542203999999,1.3183496498054474,0.5652447027217483,0.1020166073546856,0.2414758860461844,0.2485309850914905,"packaged cheese, milk","fresh fruits, packaged vegetables fruits, fresh vegetables","packaged cheese, milk → fresh fruits, packaged vegetables fruits, fresh vegetables"
"frozenset({'fresh fruits', 'yogurt', 'packaged cheese', 'milk'})",frozenset({'fresh vegetables'}),0.02129,0.44933,0.01522,0.71488961953969,1.5910124397206729,1.0,0.0056537642999999,1.9314273970345963,0.3795500220724184,0.0334211682037769,0.4822482058940744,0.3743811371906715,"fresh fruits, yogurt, packaged cheese, milk",fresh vegetables,"fresh fruits, yogurt, packaged cheese, milk → fresh vegetables"
"frozenset({'fresh fruits', 'yogurt', 'fresh vegetables', 'milk'})",frozenset({'packaged cheese'}),0.03624,0.16892,0.01522,0.4199779249448123,2.486253403651506,1.0,0.0090983392,1.432842017126546,0.6202668545132092,0.0801305675476466,0.3020863514280362,0.2550398741465715,"fresh fruits, yogurt, fresh vegetables, milk",packaged cheese,"fresh fruits, yogurt, fresh vegetables, milk → packaged cheese"
"frozenset({'fresh fruits', 'yogurt', 'packaged cheese', 'fresh vegetables'})",frozenset({'milk'}),0.03156,0.23003,0.01522,0.4822560202788339,2.0964918501014385,1.0,0.0079602532,1.4871635985312115,0.5400568892486018,0.0617770020700572,0.3275790229214566,0.2742106515340177,"fresh fruits, yogurt, packaged cheese, fresh vegetables",milk,"fresh fruits, yogurt, packaged cheese, fresh vegetables → milk"
"frozenset({'fresh fruits', 'packaged cheese', 'fresh vegetables', 'milk'})",frozenset({'yogurt'}),0.03227,0.20368,0.01522,0.4716454911682677,2.3156200469769623,1.0,0.0086472464,1.5071698768328443,0.5870958050182137,0.0689530195261178,0.3365047859758234,0.2731852750421071,"fresh fruits, packaged cheese, fresh vegetables, milk",yogurt,"fresh fruits, packaged cheese, fresh vegetables, milk → yogurt"
"frozenset({'yogurt', 'packaged cheese', 'fresh vegetables', 'milk'})",frozenset({'fresh fruits'}),0.01661,0.57912,0.01522,0.9163154726068632,1.582254925761264,1.0,0.0056008168,5.029364604316545,0.3742061555712394,0.0262183252657146,0.8011677262090461,0.4712983634618789,"yogurt, packaged cheese, fresh vegetables, milk",fresh fruits,"yogurt, packaged cheese, fresh vegetables, milk → fresh fruits"
"frozenset({'fresh fruits', 'yogurt', 'packaged cheese'})","frozenset({'fresh vegetables', 'milk'})",0.04523,0.11551,0.01522,0.3365023214680521,2.913187788659442,1.0,0.0099954826999999,1.333071732755748,0.6878446360143949,0.1045904343045629,0.2498528207984851,0.2341329025745593,"fresh fruits, yogurt, packaged cheese","fresh vegetables, milk","fresh fruits, yogurt, packaged cheese → fresh vegetables, milk"
"frozenset({'fresh fruits', 'packaged cheese', 'milk'})","frozenset({'yogurt', 'fresh vegetables'})",0.04602,0.10979,0.01522,0.3307257714037375,3.0123487695030287,1.0,0.0101674642,1.330112474025974,0.7002590488939636,0.1082580553382175,0.2481838795382409,0.2346770308881334,"fresh fruits, packaged cheese, milk","yogurt, fresh vegetables","fresh fruits, packaged cheese, milk → yogurt, fresh vegetables"
"frozenset({'yogurt', 'packaged cheese', 'milk'})","frozenset({'fresh fruits', 'fresh vegetables'})",0.02428,0.32152,0.01522,0.6268533772652388,1.9496559382471967,1.0,0.0074134944,1.8182664900662249,0.4992098021701471,0.0460402928186823,0.4500256120522917,0.3370955117229404,"yogurt, packaged cheese, milk","fresh fruits, fresh vegetables","yogurt, packaged cheese, milk → fresh fruits, fresh vegetables"
"frozenset({'yogurt', 'fresh vegetables', 'milk'})","frozenset({'fresh fruits', 'packaged cheese'})",0.04136,0.1199,0.01522,0.3679883945841392,3.0691275611688007,1.0,0.0102609359999999,1.3925377199693956,0.7032613986765964,0.1042180224596001,0.2818865976413353,0.2474637552570404,"yogurt, fresh vegetables, milk","fresh fruits, packaged cheese","yogurt, fresh vegetables, milk → fresh fruits, packaged cheese"
"frozenset({'yogurt', 'packaged cheese', 'fresh vegetables'})","frozenset({'fresh fruits', 'milk'})",0.03592,0.15639,0.01522,0.4237193763919821,2.709376407647434,1.0,0.0096024711999999,1.463887497584541,0.6544180770926366,0.0859449997176576,0.3168873962992167,0.260520088477339,"yogurt, packaged cheese, fresh vegetables","fresh fruits, milk","yogurt, packaged cheese, fresh vegetables → fresh fruits, milk"
"frozenset({'packaged cheese', 'fresh vegetables', 'milk'})","frozenset({'fresh fruits', 'yogurt'})",0.03736,0.14829,0.01522,0.4073875802997859,2.7472356888514797,1.0,0.0096798856,1.4372125383920509,0.6606807735145346,0.0893035263744645,0.3042086864070938,0.2550121528176385,"packaged cheese, fresh vegetables, milk","fresh fruits, yogurt","packaged cheese, fresh vegetables, milk → fresh fruits, yogurt"
"frozenset({'fresh fruits', 'packaged vegetables fruits', 'soy lactosefree', 'milk'})",frozenset({'fresh vegetables'}),0.01443,0.44933,0.01052,0.729036729036729,1.6224973383409276,1.0,0.0040361680999999,2.0322680562659845,0.3892835305473187,0.0232106610184449,0.5079389271918372,0.3762246828144943,"fresh fruits, packaged vegetables fruits, soy lactosefree, milk",fresh vegetables,"fresh fruits, packaged vegetables fruits, soy lactosefree, milk → fresh vegetables"
"frozenset({'fresh fruits', 'soy lactosefree', 'fresh vegetables', 'milk'})",frozenset({'packaged vegetables fruits'}),0.01577,0.3423,0.01052,0.6670894102726697,1.9488443186464204,1.0,0.005121929,1.975605523809524,0.4946764274896486,0.0302690260394187,0.4938260761329933,0.3489113425888618,"fresh fruits, soy lactosefree, fresh vegetables, milk",packaged vegetables fruits,"fresh fruits, soy lactosefree, fresh vegetables, milk → packaged vegetables fruits"
"frozenset({'packaged vegetables fruits', 'soy lactosefree', 'fresh vegetables', 'milk'})",frozenset({'fresh fruits'}),0.01159,0.57912,0.01052,0.907679033649698,1.5673418870867837,1.0,0.0038079992,4.558877757009348,0.3662216188283806,0.0181319912442475,0.7806477705039395,0.4629222630605169,"packaged vegetables fruits, soy lactosefree, fresh vegetables, milk",fresh fruits,"packaged vegetables fruits, soy lactosefree, fresh vegetables, milk → fresh fruits"
"frozenset({'fresh fruits', 'soy lactosefree', 'milk'})","frozenset({'packaged vegetables fruits', 'fresh vegetables'})",0.02527,0.21588,0.01052,0.4163039176889592,1.928404287979244,1.0,0.0050647124,1.34337033220339,0.4939178438377339,0.0456141872262932,0.255603629149823,0.2325173470230973,"fresh fruits, soy lactosefree, milk","packaged vegetables fruits, fresh vegetables","fresh fruits, soy lactosefree, milk → packaged vegetables fruits, fresh vegetables"
"frozenset({'packaged vegetables fruits', 'soy lactosefree', 'milk'})","frozenset({'fresh fruits', 'fresh vegetables'})",0.01626,0.32152,0.01052,0.6469864698646987,2.0122744148566145,1.0,0.0052920848,1.9219659930313588,0.5113646755561012,0.0321456945547882,0.4796994308818221,0.3398530259251336,"packaged vegetables fruits, soy lactosefree, milk","fresh fruits, fresh vegetables","packaged vegetables fruits, soy lactosefree, milk → fresh fruits, fresh vegetables"
"frozenset({'soy lactosefree', 'fresh vegetables', 'milk'})","frozenset({'fresh fruits', 'packaged vegetables fruits'})",0.01812,0.2571,0.01052,0.5805739514348786,2.2581639495716788,1.0,0.005861348,1.77123,0.5674444508641062,0.0397431054023422,0.435420583436369,0.3107459411005587,"soy lactosefree, fresh vegetables, milk","fresh fruits, packaged vegetables fruits","soy lactosefree, fresh vegetables, milk → fresh fruits, packaged vegetables fruits"
"frozenset({'soy lactosefree', 'milk'})","frozenset({'fresh fruits', 'packaged vegetables fruits', 'fresh vegetables'})",0.03287,0.17477,0.01052,0.3200486766048068,1.8312563746913475,1.0,0.0047753100999999,1.2136604071588366,0.4693544979365271,0.0533685064935064,0.1760462860109385,0.1901210368204557,"soy lactosefree, milk","fresh fruits, packaged vegetables fruits, fresh vegetables","soy lactosefree, milk → fresh fruits, packaged vegetables fruits, fresh vegetables"
"frozenset({'fresh fruits', 'packaged vegetables fruits', 'water seltzer sparkling water', 'milk'})",frozenset({'fresh vegetables'}),0.0146,0.44933,0.01008,0.6904109589041096,1.536534304195379,1.0,0.003519782,1.7787128318584071,0.3543583541934465,0.0222099812713451,0.4377957014257352,0.3564221798726811,"fresh fruits, packaged vegetables fruits, water seltzer sparkling water, milk",fresh vegetables,"fresh fruits, packaged vegetables fruits, water seltzer sparkling water, milk → fresh vegetables"
"frozenset({'fresh fruits', 'packaged vegetables fruits', 'fresh vegetables', 'water seltzer sparkling water'})",frozenset({'milk'}),0.03216,0.23003,0.01008,0.3134328358208955,1.3625737330821872,1.0,0.0026822352,1.121478043478261,0.2749367270465799,0.0399825473007814,0.1083195914397905,0.1786266035384093,"fresh fruits, packaged vegetables fruits, fresh vegetables, water seltzer sparkling water",milk,"fresh fruits, packaged vegetables fruits, fresh vegetables, water seltzer sparkling water → milk"
"frozenset({'fresh fruits', 'water seltzer sparkling water', 'fresh vegetables', 'milk'})",frozenset({'packaged vegetables fruits'}),0.01605,0.3423,0.01008,0.6280373831775702,1.8347571813542805,1.0,0.004586085,1.7681884422110556,0.4623901112861426,0.0289430614178654,0.4344494194580663,0.3287426179691532,"fresh fruits, water seltzer sparkling water, fresh vegetables, milk",packaged vegetables fruits,"fresh fruits, water seltzer sparkling water, fresh vegetables, milk → packaged vegetables fruits"
"frozenset({'packaged vegetables fruits', 'fresh vegetables', 'water seltzer sparkling water', 'milk'})",frozenset({'fresh fruits'}),0.01113,0.57912,0.01008,0.9056603773584908,1.5638561565107243,1.0,0.0036343944,4.461328000000006,0.3646131442960147,0.0173742179016495,0.7758514953395046,0.4615330481902275,"packaged vegetables fruits, fresh vegetables, water seltzer sparkling water, milk",fresh fruits,"packaged vegetables fruits, fresh vegetables, water seltzer sparkling water, milk → fresh fruits"
"frozenset({'fresh fruits', 'water seltzer sparkling water', 'milk'})","frozenset({'packaged vegetables fruits', 'fresh vegetables'})",0.02719,0.21588,0.01008,0.3707245310776021,1.7172713131258206,1.0,0.0042102228,1.2460679602571598,0.4293549956654778,0.0432636593845229,0.1974755535856783,0.2087085690407465,"fresh fruits, water seltzer sparkling water, milk","packaged vegetables fruits, fresh vegetables","fresh fruits, water seltzer sparkling water, milk → packaged vegetables fruits, fresh vegetables"
"frozenset({'packaged vegetables fruits', 'water seltzer sparkling water', 'milk'})","frozenset({'fresh fruits', 'fresh vegetables'})",0.01672,0.32152,0.01008,0.6028708133971292,1.875064734377735,1.0,0.0047041856,1.708461686746988,0.4746207381062153,0.030716723549488,0.4146781237429685,0.3171109478779624,"packaged vegetables fruits, water seltzer sparkling water, milk","fresh fruits, fresh vegetables","packaged vegetables fruits, water seltzer sparkling water, milk → fresh fruits, fresh vegetables"
"frozenset({'water seltzer sparkling water', 'fresh vegetables', 'milk'})","frozenset({'fresh fruits', 'packaged vegetables fruits'})",0.0187,0.2571,0.01008,0.5390374331550802,2.0966061188451195,1.0,0.00527223,1.6116276102088167,0.5330059008215535,0.0379346680716543,0.3795092652511512,0.289121983788742,"water seltzer sparkling water, fresh vegetables, milk","fresh fruits, packaged vegetables fruits","water seltzer sparkling water, fresh vegetables, milk → fresh fruits, packaged vegetables fruits"
"frozenset({'fresh fruits', 'yogurt', 'packaged vegetables fruits', 'milk'})",frozenset({'fresh vegetables'}),0.03236,0.44933,0.0236,0.7292954264524104,1.6230730787003105,1.0,0.0090596812,2.034210182648402,0.3967227446262757,0.0515182606038114,0.5084087138438819,0.3909090356395762,"fresh fruits, yogurt, packaged vegetables fruits, milk",fresh vegetables,"fresh fruits, yogurt, packaged vegetables fruits, milk → fresh vegetables"
"frozenset({'fresh fruits', 'yogurt', 'packaged vegetables fruits', 'fresh vegetables'})",frozenset({'milk'}),0.05584,0.23003,0.0236,0.4226361031518624,1.8373086256221467,1.0,0.0107551247999999,1.333595682382134,0.4826783883225766,0.0899836046821977,0.2501475423092619,0.2626157084033015,"fresh fruits, yogurt, packaged vegetables fruits, fresh vegetables",milk,"fresh fruits, yogurt, packaged vegetables fruits, fresh vegetables → milk"
"frozenset({'fresh fruits', 'yogurt', 'fresh vegetables', 'milk'})",frozenset({'packaged vegetables fruits'}),0.03624,0.3423,0.0236,0.6512141280353201,1.902466047430091,1.0,0.0111950479999999,1.8856841772151895,0.4922039103905185,0.0664901110046768,0.4696885024104,0.3600797487970932,"fresh fruits, yogurt, fresh vegetables, milk",packaged vegetables fruits,"fresh fruits, yogurt, fresh vegetables, milk → packaged vegetables fruits"
"frozenset({'fresh fruits', 'packaged vegetables fruits', 'fresh vegetables', 'milk'})",frozenset({'yogurt'}),0.05498,0.20368,0.0236,0.429246998908694,2.107457771547005,1.0,0.0124016736,1.39520948374761,0.556067219813122,0.1003998978984089,0.2832617526982796,0.2725575135941742,"fresh fruits, packaged vegetables fruits, fresh vegetables, milk",yogurt,"fresh fruits, packaged vegetables fruits, fresh vegetables, milk → yogurt"
"frozenset({'yogurt', 'packaged vegetables fruits', 'fresh vegetables', 'milk'})",frozenset({'fresh fruits'}),0.02575,0.57912,0.0236,0.916504854368932,1.5825819422035712,1.0,0.00868766,5.040772093023255,0.3778508457179144,0.0406007535224594,0.8016176923800894,0.478628169690337,"yogurt, packaged vegetables fruits, fresh vegetables, milk",fresh fruits,"yogurt, packaged vegetables fruits, fresh vegetables, milk → fresh fruits"
"frozenset({'fresh fruits', 'yogurt', 'packaged vegetables fruits'})","frozenset({'fresh vegetables', 'milk'})",0.07823,0.11551,0.0236,0.3016745494055989,2.6116747416292867,1.0,0.0145636527,1.2665870895112576,0.6694771233237161,0.1387092982249912,0.2104767147232856,0.252992932221629,"fresh fruits, yogurt, packaged vegetables fruits","fresh vegetables, milk","fresh fruits, yogurt, packaged vegetables fruits → fresh vegetables, milk"
"frozenset({'fresh fruits', 'yogurt', 'milk'})","frozenset({'packaged vegetables fruits', 'fresh vegetables'})",0.05709,0.21588,0.0236,0.4133823787002977,1.9148711260899471,1.0,0.0112754108,1.336679928336817,0.5066990954256468,0.0946384889922605,0.2518777466463013,0.2613511856443864,"fresh fruits, yogurt, milk","packaged vegetables fruits, fresh vegetables","fresh fruits, yogurt, milk → packaged vegetables fruits, fresh vegetables"
"frozenset({'fresh fruits', 'packaged vegetables fruits', 'milk'})","frozenset({'yogurt', 'fresh vegetables'})",0.07797,0.10979,0.0236,0.3026805181480057,2.7569042549230867,1.0,0.0150396737,1.2766171362883942,0.6911643973862389,0.1437621832358674,0.2166797925747921,0.2588181714521793,"fresh fruits, packaged vegetables fruits, milk","yogurt, fresh vegetables","fresh fruits, packaged vegetables fruits, milk → yogurt, fresh vegetables"
"frozenset({'yogurt', 'packaged vegetables fruits', 'milk'})","frozenset({'fresh fruits', 'fresh vegetables'})",0.03646,0.32152,0.0236,0.6472846955567746,2.013201964284569,1.0,0.0118773808,1.923591041990669,0.522322734352105,0.0705783838746336,0.4801389805989486,0.360343019587295,"yogurt, packaged vegetables fruits, milk","fresh fruits, fresh vegetables","yogurt, packaged vegetables fruits, milk → fresh fruits, fresh vegetables"
"frozenset({'yogurt', 'packaged vegetables fruits', 'fresh vegetables'})","frozenset({'fresh fruits', 'milk'})",0.06342,0.15639,0.0236,0.3721223588773257,2.37945110862156,1.0,0.0136817461999999,1.343589809141135,0.618991445978535,0.1202792925946689,0.2557252271515579,0.2615135740930525,"yogurt, packaged vegetables fruits, fresh vegetables","fresh fruits, milk","yogurt, packaged vegetables fruits, fresh vegetables → fresh fruits, milk"
"frozenset({'yogurt', 'fresh vegetables', 'milk'})","frozenset({'fresh fruits', 'packaged vegetables fruits'})",0.04136,0.2571,0.0236,0.5705996131528046,2.219368390325961,1.0,0.012966344,1.7300869369369367,0.5731258407037088,0.0858618933275121,0.4219943641846879,0.3311963448883431,"yogurt, fresh vegetables, milk","fresh fruits, packaged vegetables fruits","yogurt, fresh vegetables, milk → fresh fruits, packaged vegetables fruits"
"frozenset({'packaged vegetables fruits', 'fresh vegetables', 'milk'})","frozenset({'fresh fruits', 'yogurt'})",0.06257,0.14829,0.0236,0.3771775611315326,2.543513123821786,1.0,0.0143214947,1.3675005055170644,0.6473475307625229,0.1260279824842465,0.268738844361969,0.2681625886445309,"packaged vegetables fruits, fresh vegetables, milk","fresh fruits, yogurt","packaged vegetables fruits, fresh vegetables, milk → fresh fruits, yogurt"
"frozenset({'yogurt', 'milk'})","frozenset({'fresh fruits', 'packaged vegetables fruits', 'fresh vegetables'})",0.07134,0.17477,0.0236,0.3308102046537706,1.892831748319337,1.0,0.0111319081999999,1.2331778005865102,0.5079265020822785,0.1060626488697137,0.1890869268613242,0.2329224107894361,"yogurt, milk","fresh fruits, packaged vegetables fruits, fresh vegetables","yogurt, milk → fresh fruits, packaged vegetables fruits, fresh vegetables"
"frozenset({'fresh fruits', 'packaged vegetables fruits', 'packaged cheese', 'soy lactosefree'})",frozenset({'fresh vegetables'}),0.01539,0.44933,0.01212,0.787524366471735,1.752663669177965,1.0,0.0052048113,2.5916854128440376,0.4361522595115059,0.0267786124613345,0.6141507009129514,0.4072489301701919,"fresh fruits, packaged vegetables fruits, packaged cheese, soy lactosefree",fresh vegetables,"fresh fruits, packaged vegetables fruits, packaged cheese, soy lactosefree → fresh vegetables"
"frozenset({'fresh fruits', 'packaged vegetables fruits', 'soy lactosefree', 'fresh vegetables'})",frozenset({'packaged cheese'}),0.04037,0.16892,0.01212,0.3002229378251176,1.7773084171508269,1.0,0.0053006996,1.1876353840707965,0.4557500829957531,0.0614697976365572,0.1579907323303625,0.1859864393127482,"fresh fruits, packaged vegetables fruits, soy lactosefree, fresh vegetables",packaged cheese,"fresh fruits, packaged vegetables fruits, soy lactosefree, fresh vegetables → packaged cheese"
"frozenset({'fresh fruits', 'soy lactosefree', 'packaged cheese', 'fresh vegetables'})",frozenset({'packaged vegetables fruits'}),0.01778,0.3423,0.01212,0.6816647919010124,1.9914250420713189,1.0,0.006033906,2.066061130742049,0.5068589824102241,0.0348315898379124,0.5159872159054468,0.3585361645745202,"fresh fruits, soy lactosefree, packaged cheese, fresh vegetables",packaged vegetables fruits,"fresh fruits, soy lactosefree, packaged cheese, fresh vegetables → packaged vegetables fruits"
"frozenset({'packaged vegetables fruits', 'packaged cheese', 'fresh vegetables', 'soy lactosefree'})",frozenset({'fresh fruits'}),0.01338,0.57912,0.01212,0.905829596412556,1.5641483568389214,1.0,0.0043713744,4.4693447619047655,0.3655657248439568,0.0208828698438953,0.7762535554375501,0.4633789507135304,"packaged vegetables fruits, packaged cheese, fresh vegetables, soy lactosefree",fresh fruits,"packaged vegetables fruits, packaged cheese, fresh vegetables, soy lactosefree → fresh fruits"
"frozenset({'fresh fruits', 'soy lactosefree', 'packaged cheese'})","frozenset({'packaged vegetables fruits', 'fresh vegetables'})",0.02457,0.21588,0.01212,0.4932844932844932,2.2849939470284104,1.0,0.0068158284,1.5474560963855424,0.576527356353527,0.0530810668768887,0.3537781121314253,0.2747133972814906,"fresh fruits, soy lactosefree, packaged cheese","packaged vegetables fruits, fresh vegetables","fresh fruits, soy lactosefree, packaged cheese → packaged vegetables fruits, fresh vegetables"
"frozenset({'packaged vegetables fruits', 'packaged cheese', 'soy lactosefree'})","frozenset({'fresh fruits', 'fresh vegetables'})",0.01751,0.32152,0.01212,0.692175899486008,2.152823772972157,1.0,0.0064901848,2.204115918367347,0.5450374002580566,0.0370744241534367,0.5463033537996816,0.3649359218753752,"packaged vegetables fruits, packaged cheese, soy lactosefree","fresh fruits, fresh vegetables","packaged vegetables fruits, packaged cheese, soy lactosefree → fresh fruits, fresh vegetables"
"frozenset({'soy lactosefree', 'packaged cheese', 'fresh vegetables'})","frozenset({'fresh fruits', 'packaged vegetables fruits'})",0.02043,0.2571,0.01212,0.5932452276064611,2.307449348916613,1.0,0.006867447,1.8264075812274367,0.5784385389548071,0.0456651972420029,0.452477086561396,0.3201932089024137,"soy lactosefree, packaged cheese, fresh vegetables","fresh fruits, packaged vegetables fruits","soy lactosefree, packaged cheese, fresh vegetables → fresh fruits, packaged vegetables fruits"
"frozenset({'soy lactosefree', 'packaged cheese'})","frozenset({'fresh fruits', 'packaged vegetables fruits', 'fresh vegetables'})",0.03026,0.17477,0.01212,0.4005287508261732,2.291747730309396,1.0,0.0068314598,1.376596460859978,0.5812401248580733,0.06282722513089,0.2735707025025425,0.2349385185726677,"soy lactosefree, packaged cheese","fresh fruits, packaged vegetables fruits, fresh vegetables","soy lactosefree, packaged cheese → fresh fruits, packaged vegetables fruits, fresh vegetables"
"frozenset({'fresh fruits', 'packaged vegetables fruits', 'packaged cheese', 'water seltzer sparkling water'})",frozenset({'fresh vegetables'}),0.01432,0.44933,0.01058,0.7388268156424582,1.6442855265449852,1.0,0.0041455944,2.1084477005347604,0.3975256869294575,0.0233517999426137,0.5257174272113212,0.3811864921912912,"fresh fruits, packaged vegetables fruits, packaged cheese, water seltzer sparkling water",fresh vegetables,"fresh fruits, packaged vegetables fruits, packaged cheese, water seltzer sparkling water → fresh vegetables"
"frozenset({'fresh fruits', 'packaged vegetables fruits', 'fresh vegetables', 'water seltzer sparkling water'})",frozenset({'packaged cheese'}),0.03216,0.16892,0.01058,0.3289800995024876,1.9475497247364884,1.0,0.0051475328,1.2385325671918446,0.5027011604348982,0.0555380577427821,0.192592890579111,0.1958066493250065,"fresh fruits, packaged vegetables fruits, fresh vegetables, water seltzer sparkling water",packaged cheese,"fresh fruits, packaged vegetables fruits, fresh vegetables, water seltzer sparkling water → packaged cheese"
"frozenset({'fresh fruits', 'water seltzer sparkling water', 'packaged cheese', 'fresh vegetables'})",frozenset({'packaged vegetables fruits'}),0.01535,0.3423,0.01058,0.6892508143322476,2.013586953935868,1.0,0.005325695,2.1164979035639413,0.5112210618245264,0.0304837640821736,0.5275213841147143,0.3600796870375816,"fresh fruits, water seltzer sparkling water, packaged cheese, fresh vegetables",packaged vegetables fruits,"fresh fruits, water seltzer sparkling water, packaged cheese, fresh vegetables → packaged vegetables fruits"
"frozenset({'packaged vegetables fruits', 'packaged cheese', 'fresh vegetables', 'water seltzer sparkling water'})",frozenset({'fresh fruits'}),0.01203,0.57912,0.01058,0.8794679966749792,1.518628257830811,1.0,0.0036131864,3.4918526896551727,0.3456694048304698,0.018223470038066,0.7136190759242046,0.4488685473083419,"packaged vegetables fruits, packaged cheese, fresh vegetables, water seltzer sparkling water",fresh fruits,"packaged vegetables fruits, packaged cheese, fresh vegetables, water seltzer sparkling water → fresh fruits"
"frozenset({'fresh fruits', 'water seltzer sparkling water', 'packaged cheese'})","frozenset({'packaged vegetables fruits', 'fresh vegetables'})",0.02343,0.21588,0.01058,0.451557831839522,2.0917075775408653,1.0,0.0055219316,1.4297223035019455,0.5344437176272581,0.046255410309098,0.3005634747736597,0.2502832701906523,"fresh fruits, water seltzer sparkling water, packaged cheese","packaged vegetables fruits, fresh vegetables","fresh fruits, water seltzer sparkling water, packaged cheese → packaged vegetables fruits, fresh vegetables"
"frozenset({'packaged vegetables fruits', 'packaged cheese', 'water seltzer sparkling water'})","frozenset({'fresh fruits', 'fresh vegetables'})",0.01681,0.32152,0.01058,0.629387269482451,1.9575369167779644,1.0,0.0051752488,1.830698041733548,0.4975172152388263,0.0322807017543859,0.4537602722002875,0.3311467325267443,"packaged vegetables fruits, packaged cheese, water seltzer sparkling water","fresh fruits, fresh vegetables","packaged vegetables fruits, packaged cheese, water seltzer sparkling water → fresh fruits, fresh vegetables"
"frozenset({'water seltzer sparkling water', 'packaged cheese', 'fresh vegetables'})","frozenset({'fresh fruits', 'packaged vegetables fruits'})",0.01832,0.2571,0.01058,0.5775109170305678,2.2462501634794547,1.0,0.005869928,1.7583886304909564,0.565167478797583,0.039948648240447,0.4312975057619703,0.3093311100127557,"water seltzer sparkling water, packaged cheese, fresh vegetables","fresh fruits, packaged vegetables fruits","water seltzer sparkling water, packaged cheese, fresh vegetables → fresh fruits, packaged vegetables fruits"
"frozenset({'water seltzer sparkling water', 'packaged cheese'})","frozenset({'fresh fruits', 'packaged vegetables fruits', 'fresh vegetables'})",0.0308,0.17477,0.01058,0.3435064935064935,1.9654774475395864,1.0,0.005197084,1.2570269040553907,0.5068280740571415,0.0542591927791168,0.2044720787010815,0.2020215994453564,"water seltzer sparkling water, packaged cheese","fresh fruits, packaged vegetables fruits, fresh vegetables","water seltzer sparkling water, packaged cheese → fresh fruits, packaged vegetables fruits, fresh vegetables"
"frozenset({'fresh fruits', 'yogurt', 'packaged vegetables fruits', 'packaged cheese'})",frozenset({'fresh vegetables'}),0.02789,0.44933,0.02155,0.7726783793474363,1.719623393380002,1.0,0.0090181862999999,2.422426861198738,0.4304835075308353,0.0472929971251124,0.5871908390641152,0.4103193378944023,"fresh fruits, yogurt, packaged vegetables fruits, packaged cheese",fresh vegetables,"fresh fruits, yogurt, packaged vegetables fruits, packaged cheese → fresh vegetables"
"frozenset({'fresh fruits', 'yogurt', 'packaged vegetables fruits', 'fresh vegetables'})",frozenset({'packaged cheese'}),0.05584,0.16892,0.02155,0.3859240687679083,2.2846558653084794,1.0,0.0121175072,1.353383120443278,0.595552997230797,0.1060479307120712,0.2611109264666558,0.2567496261433669,"fresh fruits, yogurt, packaged vegetables fruits, fresh vegetables",packaged cheese,"fresh fruits, yogurt, packaged vegetables fruits, fresh vegetables → packaged cheese"
"frozenset({'fresh fruits', 'yogurt', 'packaged cheese', 'fresh vegetables'})",frozenset({'packaged vegetables fruits'}),0.03156,0.3423,0.02155,0.6828263624841572,1.9948184705935064,1.0,0.010747012,2.073627572427573,0.5149531751065962,0.0611677216088104,0.5177533259604032,0.3728914167080441,"fresh fruits, yogurt, packaged cheese, fresh vegetables",packaged vegetables fruits,"fresh fruits, yogurt, packaged cheese, fresh vegetables → packaged vegetables fruits"
"frozenset({'fresh fruits', 'packaged vegetables fruits', 'packaged cheese', 'fresh vegetables'})",frozenset({'yogurt'}),0.05137,0.20368,0.02155,0.4195055479852054,2.0596305380263424,1.0,0.0110869584,1.3717960563380285,0.5423358188569067,0.0922912205567451,0.2710286668490121,0.2626543843618093,"fresh fruits, packaged vegetables fruits, packaged cheese, fresh vegetables",yogurt,"fresh fruits, packaged vegetables fruits, packaged cheese, fresh vegetables → yogurt"
"frozenset({'yogurt', 'packaged vegetables fruits', 'packaged cheese', 'fresh vegetables'})",frozenset({'fresh fruits'}),0.02352,0.57912,0.02155,0.9162414965986396,1.5821271871091305,1.0,0.0079290976,5.024922639593912,0.3768019455647882,0.0370854772926741,0.8009919611258305,0.4767265640197231,"yogurt, packaged vegetables fruits, packaged cheese, fresh vegetables",fresh fruits,"yogurt, packaged vegetables fruits, packaged cheese, fresh vegetables → fresh fruits"
"frozenset({'fresh fruits', 'yogurt', 'packaged cheese'})","frozenset({'packaged vegetables fruits', 'fresh vegetables'})",0.04523,0.21588,0.02155,0.4764536811850541,2.2070302074534656,1.0,0.0117857476,1.4977089358108109,0.5728106673180627,0.0899565870763065,0.3323135249516071,0.2881388287340872,"fresh fruits, yogurt, packaged cheese","packaged vegetables fruits, fresh vegetables","fresh fruits, yogurt, packaged cheese → packaged vegetables fruits, fresh vegetables"
"frozenset({'fresh fruits', 'packaged vegetables fruits', 'packaged cheese'})","frozenset({'yogurt', 'fresh vegetables'})",0.06753,0.10979,0.02155,0.3191174292906856,2.9066165342079024,1.0,0.0141358813,1.3074354349717263,0.7034621691952694,0.138344995827181,0.2351438753672567,0.2577006219228726,"fresh fruits, packaged vegetables fruits, packaged cheese","yogurt, fresh vegetables","fresh fruits, packaged vegetables fruits, packaged cheese → yogurt, fresh vegetables"
"frozenset({'yogurt', 'packaged vegetables fruits', 'packaged cheese'})","frozenset({'fresh fruits', 'fresh vegetables'})",0.03128,0.32152,0.02155,0.6889386189258312,2.142755097430428,1.0,0.0114928544,2.181177225077081,0.5505317419364976,0.0650566037735849,0.5415319816734926,0.3779819991867275,"yogurt, packaged vegetables fruits, packaged cheese","fresh fruits, fresh vegetables","yogurt, packaged vegetables fruits, packaged cheese → fresh fruits, fresh vegetables"
"frozenset({'yogurt', 'packaged vegetables fruits', 'fresh vegetables'})","frozenset({'fresh fruits', 'packaged cheese'})",0.06342,0.1199,0.02155,0.3397981709239987,2.834013101951616,1.0,0.013945942,1.3330771913064248,0.6909644454060756,0.1332138220930951,0.2498558924258592,0.2597656409248851,"yogurt, packaged vegetables fruits, fresh vegetables","fresh fruits, packaged cheese","yogurt, packaged vegetables fruits, fresh vegetables → fresh fruits, packaged cheese"
"frozenset({'yogurt', 'packaged cheese', 'fresh vegetables'})","frozenset({'fresh fruits', 'packaged vegetables fruits'})",0.03592,0.2571,0.02155,0.5999443207126949,2.3335057203916567,1.0,0.0123149679999999,1.8569915100904664,0.5927518795313267,0.0793826205473901,0.4614945762723043,0.3418819230945816,"yogurt, packaged cheese, fresh vegetables","fresh fruits, packaged vegetables fruits","yogurt, packaged cheese, fresh vegetables → fresh fruits, packaged vegetables fruits"
"frozenset({'packaged vegetables fruits', 'packaged cheese', 'fresh vegetables'})","frozenset({'fresh fruits', 'yogurt'})",0.05924,0.14829,0.02155,0.3637744767049291,2.4531288468873766,1.0,0.0127653003999999,1.3386919713451844,0.6296582838834257,0.115872674481127,0.2530021682320614,0.2545489147972686,"packaged vegetables fruits, packaged cheese, fresh vegetables","fresh fruits, yogurt","packaged vegetables fruits, packaged cheese, fresh vegetables → fresh fruits, yogurt"
"frozenset({'yogurt', 'packaged cheese'})","frozenset({'fresh fruits', 'packaged vegetables fruits', 'fresh vegetables'})",0.05481,0.17477,0.02155,0.3931764276591863,2.249679164955005,1.0,0.0119708562999999,1.3599175075165364,0.5877042411512347,0.103590828245926,0.2646612794726152,0.2582406713451851,"yogurt, packaged cheese","fresh fruits, packaged vegetables fruits, fresh vegetables","yogurt, packaged cheese → fresh fruits, packaged vegetables fruits, fresh vegetables"
"frozenset({'fresh fruits', 'yogurt', 'packaged vegetables fruits', 'soy lactosefree'})",frozenset({'fresh vegetables'}),0.01798,0.44933,0.0133,0.7397107897664071,1.6462528426021124,1.0,0.0052210465999999,2.115608247863248,0.3997473521281054,0.0292945089315213,0.5273226973802951,0.3846552079381966,"fresh fruits, yogurt, packaged vegetables fruits, soy lactosefree",fresh vegetables,"fresh fruits, yogurt, packaged vegetables fruits, soy lactosefree → fresh vegetables"
"frozenset({'fresh fruits', 'yogurt', 'soy lactosefree', 'fresh vegetables'})",frozenset({'packaged vegetables fruits'}),0.01948,0.3423,0.0133,0.6827515400410678,1.9945998832634173,1.0,0.0066319959999999,2.073138511326861,0.508552926803608,0.0381657483930211,0.5176395621728261,0.3608031728835195,"fresh fruits, yogurt, soy lactosefree, fresh vegetables",packaged vegetables fruits,"fresh fruits, yogurt, soy lactosefree, fresh vegetables → packaged vegetables fruits"
"frozenset({'fresh fruits', 'packaged vegetables fruits', 'soy lactosefree', 'fresh vegetables'})",frozenset({'yogurt'}),0.04037,0.20368,0.0133,0.3294525637849888,1.6175008041289711,1.0,0.0050774383999999,1.1875669892870335,0.3978223749927426,0.0576381365113759,0.1579422390307776,0.1973755356238377,"fresh fruits, packaged vegetables fruits, soy lactosefree, fresh vegetables",yogurt,"fresh fruits, packaged vegetables fruits, soy lactosefree, fresh vegetables → yogurt"
"frozenset({'yogurt', 'packaged vegetables fruits', 'soy lactosefree', 'fresh vegetables'})",frozenset({'fresh fruits'}),0.01468,0.57912,0.0133,0.9059945504087192,1.5644331924449495,1.0,0.0047985184,4.477187246376807,0.3661661766155738,0.0229112833763996,0.7766454818682742,0.4644802148369055,"yogurt, packaged vegetables fruits, soy lactosefree, fresh vegetables",fresh fruits,"yogurt, packaged vegetables fruits, soy lactosefree, fresh vegetables → fresh fruits"
"frozenset({'fresh fruits', 'yogurt', 'soy lactosefree'})","frozenset({'packaged vegetables fruits', 'fresh vegetables'})",0.03,0.21588,0.0133,0.4433333333333333,2.0536100302637266,1.0,0.0068236,1.4085988023952096,0.5289202387411829,0.0571846246452833,0.2900746484381641,0.2524708171206226,"fresh fruits, yogurt, soy lactosefree","packaged vegetables fruits, fresh vegetables","fresh fruits, yogurt, soy lactosefree → packaged vegetables fruits, fresh vegetables"
"frozenset({'yogurt', 'packaged vegetables fruits', 'soy lactosefree'})","frozenset({'fresh fruits', 'fresh vegetables'})",0.02038,0.32152,0.0133,0.6526005888125613,2.0297355959584515,1.0,0.0067474224,1.9530257627118643,0.5178793741258887,0.0404747413268411,0.4879739842184904,0.3469833001290973,"yogurt, packaged vegetables fruits, soy lactosefree","fresh fruits, fresh vegetables","yogurt, packaged vegetables fruits, soy lactosefree → fresh fruits, fresh vegetables"
"frozenset({'yogurt', 'soy lactosefree', 'fresh vegetables'})","frozenset({'fresh fruits', 'packaged vegetables fruits'})",0.02239,0.2571,0.0133,0.5940151853506029,2.3104441281625943,1.0,0.0075435309999999,1.829871397139714,0.5801728521137133,0.0499643112062812,0.4535135083464839,0.3228730146900817,"yogurt, soy lactosefree, fresh vegetables","fresh fruits, packaged vegetables fruits","yogurt, soy lactosefree, fresh vegetables → fresh fruits, packaged vegetables fruits"
"frozenset({'yogurt', 'soy lactosefree'})","frozenset({'fresh fruits', 'packaged vegetables fruits', 'fresh vegetables'})",0.03763,0.17477,0.0133,0.3534414031357959,2.022323071097991,1.0,0.0067234048999999,1.276342166050144,0.5252856649869945,0.0668006027122049,0.2165110370875948,0.2147707101506066,"yogurt, soy lactosefree","fresh fruits, packaged vegetables fruits, fresh vegetables","yogurt, soy lactosefree → fresh fruits, packaged vegetables fruits, fresh vegetables"
"frozenset({'fresh fruits', 'yogurt', 'packaged vegetables fruits', 'water seltzer sparkling water'})",frozenset({'fresh vegetables'}),0.016,0.44933,0.01114,0.69625,1.5495292991787772,1.0,0.00395072,1.812905349794239,0.3604092773423246,0.0245271802549593,0.4483992227649954,0.3605212343934302,"fresh fruits, yogurt, packaged vegetables fruits, water seltzer sparkling water",fresh vegetables,"fresh fruits, yogurt, packaged vegetables fruits, water seltzer sparkling water → fresh vegetables"
"frozenset({'fresh fruits', 'yogurt', 'water seltzer sparkling water', 'fresh vegetables'})",frozenset({'packaged vegetables fruits'}),0.017,0.3423,0.01114,0.6552941176470588,1.914385386056263,1.0,0.0053209,1.908003412969283,0.4858994285255081,0.0319967830882352,0.4758919228326879,0.3439193346050076,"fresh fruits, yogurt, water seltzer sparkling water, fresh vegetables",packaged vegetables fruits,"fresh fruits, yogurt, water seltzer sparkling water, fresh vegetables → packaged vegetables fruits"
"frozenset({'fresh fruits', 'packaged vegetables fruits', 'fresh vegetables', 'water seltzer sparkling water'})",frozenset({'yogurt'}),0.03216,0.20368,0.01114,0.3463930348258706,1.700672794706749,1.0,0.0045896512,1.2183468696479542,0.4256875255431926,0.0495772140631953,0.1792156856864961,0.2005433359518198,"fresh fruits, packaged vegetables fruits, fresh vegetables, water seltzer sparkling water",yogurt,"fresh fruits, packaged vegetables fruits, fresh vegetables, water seltzer sparkling water → yogurt"
"frozenset({'yogurt', 'packaged vegetables fruits', 'fresh vegetables', 'water seltzer sparkling water'})",frozenset({'fresh fruits'}),0.01222,0.57912,0.01114,0.911620294599018,1.574147490328461,1.0,0.0040631536,4.762179259259263,0.3692477187933132,0.0192002757669769,0.7900121046355685,0.4654281884654159,"yogurt, packaged vegetables fruits, fresh vegetables, water seltzer sparkling water",fresh fruits,"yogurt, packaged vegetables fruits, fresh vegetables, water seltzer sparkling water → fresh fruits"
"frozenset({'fresh fruits', 'yogurt', 'water seltzer sparkling water'})","frozenset({'packaged vegetables fruits', 'fresh vegetables'})",0.02892,0.21588,0.01114,0.3852005532503458,1.7843271875595044,1.0,0.0048967504,1.2754077840269966,0.4526554638789336,0.0476761105880339,0.2159370418435262,0.2184016477572833,"fresh fruits, yogurt, water seltzer sparkling water","packaged vegetables fruits, fresh vegetables","fresh fruits, yogurt, water seltzer sparkling water → packaged vegetables fruits, fresh vegetables"
"frozenset({'yogurt', 'packaged vegetables fruits', 'water seltzer sparkling water'})","frozenset({'fresh fruits', 'fresh vegetables'})",0.01815,0.32152,0.01114,0.6137741046831956,1.9089764390495008,1.0,0.005304412,1.7566921540656204,0.4849611105843959,0.0339086232611938,0.4307482971984371,0.324211013525972,"yogurt, packaged vegetables fruits, water seltzer sparkling water","fresh fruits, fresh vegetables","yogurt, packaged vegetables fruits, water seltzer sparkling water → fresh fruits, fresh vegetables"
"frozenset({'yogurt', 'water seltzer sparkling water', 'fresh vegetables'})","frozenset({'fresh fruits', 'packaged vegetables fruits'})",0.0194,0.2571,0.01114,0.5742268041237113,2.2334764843396004,1.0,0.00615226,1.744825665859564,0.5631934575650932,0.041980705456738,0.4268768395796356,0.3087781239599498,"yogurt, water seltzer sparkling water, fresh vegetables","fresh fruits, packaged vegetables fruits","yogurt, water seltzer sparkling water, fresh vegetables → fresh fruits, packaged vegetables fruits"
"frozenset({'fresh fruits', 'yogurt', 'packaged vegetables fruits', 'milk'})",frozenset({'packaged cheese'}),0.03236,0.16892,0.01363,0.4211990111248455,2.493482187573085,1.0,0.0081637488,1.43586485851575,0.6189847712626219,0.0726352251532107,0.3035556277672974,0.2509440473573552,"fresh fruits, yogurt, packaged vegetables fruits, milk",packaged cheese,"fresh fruits, yogurt, packaged vegetables fruits, milk → packaged cheese"
"frozenset({'fresh fruits', 'yogurt', 'packaged vegetables fruits', 'packaged cheese'})",frozenset({'milk'}),0.02789,0.23003,0.01363,0.4887056292577985,2.124529971124629,1.0,0.0072144632999999,1.50592309256662,0.544493578131807,0.0557943427893077,0.3359554648334331,0.2739793850762322,"fresh fruits, yogurt, packaged vegetables fruits, packaged cheese",milk,"fresh fruits, yogurt, packaged vegetables fruits, packaged cheese → milk"
"frozenset({'fresh fruits', 'yogurt', 'packaged cheese', 'milk'})",frozenset({'packaged vegetables fruits'}),0.02129,0.3423,0.01363,0.6402066697980272,1.870308705223568,1.0,0.006342433,1.8279938642297648,0.4754512642388288,0.0389473082638015,0.4529522119477379,0.3400127710661185,"fresh fruits, yogurt, packaged cheese, milk",packaged vegetables fruits,"fresh fruits, yogurt, packaged cheese, milk → packaged vegetables fruits"
"frozenset({'fresh fruits', 'packaged vegetables fruits', 'packaged cheese', 'milk'})",frozenset({'yogurt'}),0.02779,0.20368,0.01363,0.4904641957538683,2.408013529820641,1.0,0.0079697328,1.5628342372881354,0.6014337862251394,0.0625688578773411,0.3601368743141805,0.2786914458737919,"fresh fruits, packaged vegetables fruits, packaged cheese, milk",yogurt,"fresh fruits, packaged vegetables fruits, packaged cheese, milk → yogurt"
"frozenset({'yogurt', 'packaged vegetables fruits', 'packaged cheese', 'milk'})",frozenset({'fresh fruits'}),0.01473,0.57912,0.01363,0.9253224711473184,1.5978078311011852,1.0,0.0050995624,5.635965818181815,0.3797360207566925,0.0234910895867084,0.8225681219048621,0.4744290902497194,"yogurt, packaged vegetables fruits, packaged cheese, milk",fresh fruits,"yogurt, packaged vegetables fruits, packaged cheese, milk → fresh fruits"
"frozenset({'fresh fruits', 'yogurt', 'packaged cheese'})","frozenset({'packaged vegetables fruits', 'milk'})",0.04523,0.09306,0.01363,0.3013486623922176,3.238219024201779,1.0,0.0094208962,1.2981296265822786,0.7239317069682427,0.1093373977218033,0.2296609063358299,0.223906654428432,"fresh fruits, yogurt, packaged cheese","packaged vegetables fruits, milk","fresh fruits, yogurt, packaged cheese → packaged vegetables fruits, milk"
"frozenset({'yogurt', 'packaged vegetables fruits', 'milk'})","frozenset({'fresh fruits', 'packaged cheese'})",0.03646,0.1199,0.01363,0.3738343390016456,3.1178843953431663,1.0,0.009258446,1.4055385895751205,0.70497301533196,0.095494990541582,0.2885289614835196,0.2437562020279287,"yogurt, packaged vegetables fruits, milk","fresh fruits, packaged cheese","yogurt, packaged vegetables fruits, milk → fresh fruits, packaged cheese"
"frozenset({'yogurt', 'packaged vegetables fruits', 'packaged cheese'})","frozenset({'fresh fruits', 'milk'})",0.03128,0.15639,0.01363,0.4357416879795396,2.7862503227798427,1.0,0.0087381207999999,1.4950776657223794,0.6617956714647526,0.0783153298092392,0.3311384264998513,0.2614477990380465,"yogurt, packaged vegetables fruits, packaged cheese","fresh fruits, milk","yogurt, packaged vegetables fruits, packaged cheese → fresh fruits, milk"
"frozenset({'yogurt', 'packaged cheese', 'milk'})","frozenset({'fresh fruits', 'packaged vegetables fruits'})",0.02428,0.2571,0.01363,0.5613673805601318,2.1834592787247447,1.0,0.007387612,1.6936724882629108,0.5554986593191418,0.0509056956115779,0.4095670757304237,0.3071908859237843,"yogurt, packaged cheese, milk","fresh fruits, packaged vegetables fruits","yogurt, packaged cheese, milk → fresh fruits, packaged vegetables fruits"
"frozenset({'packaged vegetables fruits', 'packaged cheese', 'milk'})","frozenset({'fresh fruits', 'yogurt'})",0.03158,0.14829,0.01363,0.4316022799240026,2.9105285583923566,1.0,0.0089470018,1.4984402116991644,0.677825524638896,0.0819898941289701,0.3326393724671573,0.2617583858990165,"packaged vegetables fruits, packaged cheese, milk","fresh fruits, yogurt","packaged vegetables fruits, packaged cheese, milk → fresh fruits, yogurt"
"frozenset({'yogurt', 'packaged vegetables fruits', 'packaged cheese', 'milk'})",frozenset({'fresh vegetables'}),0.01473,0.44933,0.01129,0.7664630006788866,1.7057908456566144,1.0,0.0046713690999999,2.35795613372093,0.4199474827540045,0.0249353976632727,0.5759039001196481,0.3957946499177043,"yogurt, packaged vegetables fruits, packaged cheese, milk",fresh vegetables,"yogurt, packaged vegetables fruits, packaged cheese, milk → fresh vegetables"
"frozenset({'yogurt', 'packaged vegetables fruits', 'fresh vegetables', 'milk'})",frozenset({'packaged cheese'}),0.02575,0.16892,0.01129,0.4384466019417475,2.595587271736606,1.0,0.00694031,1.479966113416321,0.6309784297293938,0.0615661467989966,0.3243088534698796,0.2526414870944826,"yogurt, packaged vegetables fruits, fresh vegetables, milk",packaged cheese,"yogurt, packaged vegetables fruits, fresh vegetables, milk → packaged cheese"
"frozenset({'yogurt', 'packaged vegetables fruits', 'packaged cheese', 'fresh vegetables'})",frozenset({'milk'}),0.02352,0.23003,0.01129,0.4800170068027211,2.086758278497244,1.0,0.0058796944,1.4807599672935403,0.5333317755849647,0.0466028234128622,0.3246710999165176,0.2645487807564881,"yogurt, packaged vegetables fruits, packaged cheese, fresh vegetables",milk,"yogurt, packaged vegetables fruits, packaged cheese, fresh vegetables → milk"
"frozenset({'yogurt', 'packaged cheese', 'fresh vegetables', 'milk'})",frozenset({'packaged vegetables fruits'}),0.01661,0.3423,0.01129,0.6797110174593618,1.9857172581342732,1.0,0.005604397,2.0534580827067668,0.5047881629184042,0.0324779932109775,0.5130165994516677,0.356346890558486,"yogurt, packaged cheese, fresh vegetables, milk",packaged vegetables fruits,"yogurt, packaged cheese, fresh vegetables, milk → packaged vegetables fruits"
"frozenset({'packaged vegetables fruits', 'packaged cheese', 'fresh vegetables', 'milk'})",frozenset({'yogurt'}),0.02358,0.20368,0.01129,0.4787955894826123,2.3507246145061487,1.0,0.0064872255999999,1.527845858421481,0.5884755084684278,0.0522757790433856,0.3454837119281349,0.2671128379463336,"packaged vegetables fruits, packaged cheese, fresh vegetables, milk",yogurt,"packaged vegetables fruits, packaged cheese, fresh vegetables, milk → yogurt"
"frozenset({'yogurt', 'packaged vegetables fruits', 'milk'})","frozenset({'packaged cheese', 'fresh vegetables'})",0.03646,0.10096,0.01129,0.3096544157981349,3.0670999980005447,1.0,0.0076089984,1.3023042669845053,0.699461479814442,0.0895108221676048,0.2321302898626701,0.2107404408626174,"yogurt, packaged vegetables fruits, milk","packaged cheese, fresh vegetables","yogurt, packaged vegetables fruits, milk → packaged cheese, fresh vegetables"
"frozenset({'yogurt', 'packaged vegetables fruits', 'packaged cheese'})","frozenset({'fresh vegetables', 'milk'})",0.03128,0.11551,0.01129,0.3609335038363171,3.1246948648283017,1.0,0.0076768472,1.384034377188594,0.7019249639804841,0.0833210332103321,0.2774745942139731,0.2293369796040732,"yogurt, packaged vegetables fruits, packaged cheese","fresh vegetables, milk","yogurt, packaged vegetables fruits, packaged cheese → fresh vegetables, milk"
"frozenset({'yogurt', 'packaged cheese', 'milk'})","frozenset({'packaged vegetables fruits', 'fresh vegetables'})",0.02428,0.21588,0.01129,0.46499176276771,2.153936273706272,1.0,0.0060484336,1.465622294072363,0.5490650096840208,0.0493293135841307,0.3176959684330332,0.2586446677466492,"yogurt, packaged cheese, milk","packaged vegetables fruits, fresh vegetables","yogurt, packaged cheese, milk → packaged vegetables fruits, fresh vegetables"
"frozenset({'yogurt', 'packaged cheese', 'fresh vegetables'})","frozenset({'packaged vegetables fruits', 'milk'})",0.03592,0.09306,0.01129,0.3143095768374164,3.377493840935057,1.0,0.0079472848,1.322666861550954,0.7301494482520736,0.0959299855552723,0.2439517243008539,0.2178145778019018,"yogurt, packaged cheese, fresh vegetables","packaged vegetables fruits, milk","yogurt, packaged cheese, fresh vegetables → packaged vegetables fruits, milk"
"frozenset({'packaged vegetables fruits', 'packaged cheese', 'milk'})","frozenset({'yogurt', 'fresh vegetables'})",0.03158,0.10979,0.01129,0.3575047498416719,3.256259676124164,1.0,0.0078228317999999,1.385551099063578,0.7154945014761929,0.0867927429274292,0.2782655214406398,0.2301687152068365,"packaged vegetables fruits, packaged cheese, milk","yogurt, fresh vegetables","packaged vegetables fruits, packaged cheese, milk → yogurt, fresh vegetables"
"frozenset({'packaged cheese', 'fresh vegetables', 'milk'})","frozenset({'yogurt', 'packaged vegetables fruits'})",0.03736,0.0928,0.01129,0.3021948608137045,3.2564101380787127,1.0,0.007822992,1.3000764096662831,0.7198053007020774,0.0949777067384537,0.2308144409322139,0.2119271717861626,"packaged cheese, fresh vegetables, milk","yogurt, packaged vegetables fruits","packaged cheese, fresh vegetables, milk → yogurt, packaged vegetables fruits"
"frozenset({'fresh fruits', 'yogurt', 'packaged vegetables fruits', 'milk', 'packaged cheese'})",frozenset({'fresh vegetables'}),0.01363,0.44933,0.01065,0.7813646368305209,1.7389549703570224,1.0,0.0045256320999999,2.518668489932886,0.4308139757095788,0.0235457982357232,0.6029648189124538,0.4025332965382435,"fresh fruits, yogurt, packaged vegetables fruits, milk, packaged cheese",fresh vegetables,"fresh fruits, yogurt, packaged vegetables fruits, milk, packaged cheese → fresh vegetables"
"frozenset({'fresh fruits', 'yogurt', 'packaged vegetables fruits', 'milk', 'fresh vegetables'})",frozenset({'packaged cheese'}),0.0236,0.16892,0.01065,0.451271186440678,2.671508326075527,1.0,0.006663488,1.514555057915058,0.6408025649458681,0.0585583108813988,0.3397400809075877,0.2571593914680302,"fresh fruits, yogurt, packaged vegetables fruits, milk, fresh vegetables",packaged cheese,"fresh fruits, yogurt, packaged vegetables fruits, milk, fresh vegetables → packaged cheese"
"frozenset({'fresh fruits', 'yogurt', 'packaged vegetables fruits', 'packaged cheese', 'fresh vegetables'})",frozenset({'milk'}),0.02155,0.23003,0.01065,0.494199535962877,2.1484134067855365,1.0,0.0056928534999999,1.522280137614679,0.5463132860562971,0.0442037106213422,0.3430906866019156,0.2702489224395527,"fresh fruits, yogurt, packaged vegetables fruits, packaged cheese, fresh vegetables",milk,"fresh fruits, yogurt, packaged vegetables fruits, packaged cheese, fresh vegetables → milk"
"frozenset({'fresh fruits', 'yogurt', 'milk', 'packaged cheese', 'fresh vegetables'})",frozenset({'packaged vegetables fruits'}),0.01522,0.3423,0.01065,0.6997371879106439,2.0442219921432776,1.0,0.005440194,2.190414442013129,0.5187111212942678,0.0307031452705624,0.5434653913800273,0.3654251233155323,"fresh fruits, yogurt, milk, packaged cheese, fresh vegetables",packaged vegetables fruits,"fresh fruits, yogurt, milk, packaged cheese, fresh vegetables → packaged vegetables fruits"
"frozenset({'fresh fruits', 'packaged vegetables fruits', 'milk', 'packaged cheese', 'fresh vegetables'})",frozenset({'yogurt'}),0.0215,0.20368,0.01065,0.4953488372093023,2.431995469409379,1.0,0.00627088,1.5779612903225808,0.6017527066675303,0.0496434065165711,0.3662708926176692,0.273818369900802,"fresh fruits, packaged vegetables fruits, milk, packaged cheese, fresh vegetables",yogurt,"fresh fruits, packaged vegetables fruits, milk, packaged cheese, fresh vegetables → yogurt"
"frozenset({'yogurt', 'packaged vegetables fruits', 'milk', 'packaged cheese', 'fresh vegetables'})",frozenset({'fresh fruits'}),0.01129,0.57912,0.01065,0.9433126660761736,1.62887254122837,1.0,0.0041117352,7.424586249999998,0.3904870210023276,0.018369670208362,0.8653123599985116,0.4808513185333209,"yogurt, packaged vegetables fruits, milk, packaged cheese, fresh vegetables",fresh fruits,"yogurt, packaged vegetables fruits, milk, packaged cheese, fresh vegetables → fresh fruits"
"frozenset({'fresh fruits', 'yogurt', 'packaged vegetables fruits', 'milk'})","frozenset({'packaged cheese', 'fresh vegetables'})",0.03236,0.10096,0.01065,0.3291100123609394,3.259805986142428,1.0,0.0073829344,1.340070677107324,0.7164165154347745,0.0868182929811689,0.2537707024836931,0.2172986670362542,"fresh fruits, yogurt, packaged vegetables fruits, milk","packaged cheese, fresh vegetables","fresh fruits, yogurt, packaged vegetables fruits, milk → packaged cheese, fresh vegetables"
"frozenset({'fresh fruits', 'yogurt', 'packaged vegetables fruits', 'packaged cheese'})","frozenset({'fresh vegetables', 'milk'})",0.02789,0.11551,0.01065,0.3818572965220508,3.3058375597095564,1.0,0.0074284261,1.430883184454756,0.7175163285246172,0.0802259887005649,0.301130930278523,0.2370285530311752,"fresh fruits, yogurt, packaged vegetables fruits, packaged cheese","fresh vegetables, milk","fresh fruits, yogurt, packaged vegetables fruits, packaged cheese → fresh vegetables, milk"
"frozenset({'fresh fruits', 'yogurt', 'packaged cheese', 'milk'})","frozenset({'packaged vegetables fruits', 'fresh vegetables'})",0.02129,0.21588,0.01065,0.5002348520432127,2.317189420248345,1.0,0.0060539148,1.568976954887218,0.5808081088630463,0.0470157160515627,0.3626420089313023,0.27478390740015,"fresh fruits, yogurt, packaged cheese, milk","packaged vegetables fruits, fresh vegetables","fresh fruits, yogurt, packaged cheese, milk → packaged vegetables fruits, fresh vegetables"
"frozenset({'fresh fruits', 'yogurt', 'packaged cheese', 'fresh vegetables'})","frozenset({'packaged vegetables fruits', 'milk'})",0.03156,0.09306,0.01065,0.3374524714828897,3.6261817266590346,1.0,0.0077130264,1.3688678335724531,0.7478293244660645,0.0934456435904185,0.2694692829546494,0.2259473833881244,"fresh fruits, yogurt, packaged cheese, fresh vegetables","packaged vegetables fruits, milk","fresh fruits, yogurt, packaged cheese, fresh vegetables → packaged vegetables fruits, milk"
"frozenset({'fresh fruits', 'packaged vegetables fruits', 'packaged cheese', 'milk'})","frozenset({'yogurt', 'fresh vegetables'})",0.02779,0.10979,0.01065,0.3832313781935948,3.4905854649202555,1.0,0.0075989359,1.4433451516919484,0.7339104802267212,0.08390451429922,0.307165026447237,0.2401173741318643,"fresh fruits, packaged vegetables fruits, packaged cheese, milk","yogurt, fresh vegetables","fresh fruits, packaged vegetables fruits, packaged cheese, milk → yogurt, fresh vegetables"
"frozenset({'fresh fruits', 'packaged cheese', 'fresh vegetables', 'milk'})","frozenset({'yogurt', 'packaged vegetables fruits'})",0.03227,0.0928,0.01065,0.3300278896808181,3.556335018112264,1.0,0.007655344,1.354086216466235,0.7427811922669425,0.0930781331934976,0.2614945873906725,0.2223954103576504,"fresh fruits, packaged cheese, fresh vegetables, milk","yogurt, packaged vegetables fruits","fresh fruits, packaged cheese, fresh vegetables, milk → yogurt, packaged vegetables fruits"
"frozenset({'yogurt', 'packaged vegetables fruits', 'packaged cheese', 'milk'})","frozenset({'fresh fruits', 'fresh vegetables'})",0.01473,0.32152,0.01065,0.7230142566191445,2.2487380462153044,1.0,0.0059140104,2.449512352941176,0.5636080879810311,0.0327088452088452,0.5917554778610196,0.378069084019948,"yogurt, packaged vegetables fruits, packaged cheese, milk","fresh fruits, fresh vegetables","yogurt, packaged vegetables fruits, packaged cheese, milk → fresh fruits, fresh vegetables"
"frozenset({'yogurt', 'packaged vegetables fruits', 'fresh vegetables', 'milk'})","frozenset({'fresh fruits', 'packaged cheese'})",0.02575,0.1199,0.01065,0.4135922330097087,3.449476505502158,1.0,0.007562575,1.5008327814569538,0.7288693240617256,0.0788888888888888,0.3337032530504588,0.2512081265131947,"yogurt, packaged vegetables fruits, fresh vegetables, milk","fresh fruits, packaged cheese","yogurt, packaged vegetables fruits, fresh vegetables, milk → fresh fruits, packaged cheese"
"frozenset({'yogurt', 'packaged vegetables fruits', 'packaged cheese', 'fresh vegetables'})","frozenset({'fresh fruits', 'milk'})",0.02352,0.15639,0.01065,0.4528061224489796,2.895364936690195,1.0,0.0069717072,1.541702191142191,0.6703879182023157,0.0629209500177242,0.3513662977548626,0.2604525528799665,"yogurt, packaged vegetables fruits, packaged cheese, fresh vegetables","fresh fruits, milk","yogurt, packaged vegetables fruits, packaged cheese, fresh vegetables → fresh fruits, milk"
"frozenset({'yogurt', 'packaged cheese', 'fresh vegetables', 'milk'})","frozenset({'fresh fruits', 'packaged vegetables fruits'})",0.01661,0.2571,0.01065,0.6411800120409392,2.493893473515905,1.0,0.006379569,2.070397483221477,0.6091383513969857,0.0404850604424846,0.5170009584613531,0.3413017913180192,"yogurt, packaged cheese, fresh vegetables, milk","fresh fruits, packaged vegetables fruits","yogurt, packaged cheese, fresh vegetables, milk → fresh fruits, packaged vegetables fruits"
"frozenset({'packaged vegetables fruits', 'packaged cheese', 'fresh vegetables', 'milk'})","frozenset({'fresh fruits', 'yogurt'})",0.02358,0.14829,0.01065,0.4516539440203562,3.0457478186010936,1.0,0.0071533217999999,1.5532344779582363,0.6878939477383751,0.0660588016375139,0.356182202886377,0.261736338791485,"packaged vegetables fruits, packaged cheese, fresh vegetables, milk","fresh fruits, yogurt","packaged vegetables fruits, packaged cheese, fresh vegetables, milk → fresh fruits, yogurt"
"frozenset({'yogurt', 'packaged vegetables fruits', 'packaged cheese'})","frozenset({'fresh fruits', 'fresh vegetables', 'milk'})",0.03128,0.0934,0.01065,0.3404731457800511,3.645322759957721,1.0,0.007728448,1.374621812893844,0.7491079657120746,0.0933964746119442,0.2725271848445302,0.2272494208557643,"yogurt, packaged vegetables fruits, packaged cheese","fresh fruits, fresh vegetables, milk","yogurt, packaged vegetables fruits, packaged cheese → fresh fruits, fresh vegetables, milk"
"frozenset({'yogurt', 'packaged cheese', 'milk'})","frozenset({'fresh fruits', 'packaged vegetables fruits', 'fresh vegetables'})",0.02428,0.17477,0.01065,0.4386326194398682,2.509770666818494,1.0,0.0064065844,1.4700355392516509,0.616526483681053,0.0565286624203821,0.3197443372633911,0.2497849256151106,"yogurt, packaged cheese, milk","fresh fruits, packaged vegetables fruits, fresh vegetables","yogurt, packaged cheese, milk → fresh fruits, packaged vegetables fruits, fresh vegetables"
"frozenset({'packaged vegetables fruits', 'packaged cheese', 'milk'})","frozenset({'fresh fruits', 'yogurt', 'fresh vegetables'})",0.03158,0.09079,0.01065,0.3372387587080431,3.714492330741746,1.0,0.0077828518,1.3718514954610608,0.7546149465859544,0.0953276047261009,0.2710581259643461,0.2272712132564337,"packaged vegetables fruits, packaged cheese, milk","fresh fruits, yogurt, fresh vegetables","packaged vegetables fruits, packaged cheese, milk → fresh fruits, yogurt, fresh vegetables"
